/*--------------------------------*- C++ -*----------------------------------*\
| =========                 |                                                 |
| \\      /  F ield         | OpenFOAM: The Open Source CFD Toolbox           |
|  \\    /   O peration     | Version:  2.3.0                                 |
|   \\  /    A nd           | Web:      www.OpenFOAM.org                      |
|    \\/     M anipulation  |                                                 |
\*---------------------------------------------------------------------------*/
FoamFile
{
    version     2.0;
    format      ascii;
    class       volScalarField;
    location    "600";
    object      p;
}
// * * * * * * * * * * * * * * * * * * * * * * * * * * * * * * * * * * * * * //

dimensions      [0 2 -2 0 0 0 0];

internalField   nonuniform List<scalar> 
6000
(
1.37222e-07
1.4869e-08
-1.00929e-07
-1.66652e-07
-1.55972e-07
-7.62973e-08
4.51702e-08
1.57037e-07
2.19515e-07
2.16061e-07
1.36945e-07
1.46508e-08
-1.00986e-07
-1.66538e-07
-1.55741e-07
-7.60302e-08
4.53935e-08
1.57106e-07
2.19409e-07
2.15823e-07
1.36745e-07
1.44004e-08
-1.01173e-07
-1.66595e-07
-1.55666e-07
-7.58576e-08
4.5621e-08
1.57323e-07
2.19486e-07
2.1574e-07
1.36597e-07
1.41388e-08
-1.01428e-07
-1.66754e-07
-1.55687e-07
-7.57426e-08
4.58581e-08
1.57612e-07
2.1967e-07
2.15758e-07
1.3646e-07
1.3864e-08
-1.01713e-07
-1.6695e-07
-1.55738e-07
-7.56392e-08
4.61084e-08
1.5793e-07
2.19893e-07
2.15807e-07
1.3633e-07
1.35785e-08
-1.02019e-07
-1.67172e-07
-1.55809e-07
-7.55421e-08
4.63679e-08
1.5827e-07
2.20142e-07
2.15878e-07
1.36208e-07
1.32847e-08
-1.02347e-07
-1.67421e-07
-1.55902e-07
-7.54538e-08
4.66344e-08
1.5863e-07
2.20417e-07
2.15971e-07
1.36094e-07
1.29831e-08
-1.02694e-07
-1.67694e-07
-1.56014e-07
-7.53729e-08
4.6908e-08
1.5901e-07
2.20718e-07
2.16086e-07
1.35985e-07
1.26731e-08
-1.0306e-07
-1.6799e-07
-1.56144e-07
-7.52976e-08
4.71894e-08
1.59408e-07
2.2104e-07
2.16218e-07
1.35882e-07
1.23548e-08
-1.03444e-07
-1.68307e-07
-1.56289e-07
-7.52269e-08
4.74788e-08
1.59822e-07
2.21383e-07
2.16368e-07
1.35783e-07
1.2028e-08
-1.03845e-07
-1.68645e-07
-1.5645e-07
-7.51602e-08
4.77762e-08
1.60254e-07
2.21747e-07
2.16534e-07
1.35688e-07
1.16928e-08
-1.04263e-07
-1.69002e-07
-1.56625e-07
-7.50969e-08
4.80817e-08
1.60702e-07
2.22129e-07
2.16715e-07
1.35597e-07
1.13494e-08
-1.04698e-07
-1.6938e-07
-1.56815e-07
-7.50372e-08
4.83951e-08
1.61166e-07
2.22531e-07
2.16911e-07
1.3551e-07
1.09977e-08
-1.0515e-07
-1.69776e-07
-1.57018e-07
-7.49806e-08
4.87165e-08
1.61646e-07
2.22951e-07
2.17123e-07
1.35427e-07
1.06377e-08
-1.05617e-07
-1.70191e-07
-1.57234e-07
-7.49268e-08
4.90459e-08
1.62141e-07
2.2339e-07
2.17348e-07
1.35346e-07
1.02695e-08
-1.06101e-07
-1.70624e-07
-1.57464e-07
-7.48757e-08
4.93833e-08
1.62652e-07
2.23846e-07
2.17587e-07
1.3527e-07
9.89348e-09
-1.06601e-07
-1.71076e-07
-1.57706e-07
-7.48274e-08
4.97282e-08
1.63178e-07
2.2432e-07
2.17841e-07
1.35196e-07
9.5096e-09
-1.07116e-07
-1.71546e-07
-1.57961e-07
-7.47817e-08
5.00806e-08
1.63718e-07
2.24811e-07
2.18108e-07
1.35125e-07
9.11775e-09
-1.07647e-07
-1.72032e-07
-1.58227e-07
-7.47382e-08
5.04408e-08
1.64272e-07
2.25318e-07
2.18388e-07
1.35058e-07
8.7183e-09
-1.08192e-07
-1.72536e-07
-1.58506e-07
-7.46971e-08
5.08082e-08
1.64841e-07
2.25842e-07
2.18681e-07
1.34993e-07
8.31169e-09
-1.08752e-07
-1.73057e-07
-1.58796e-07
-7.46587e-08
5.11826e-08
1.65423e-07
2.26382e-07
2.18987e-07
1.34933e-07
7.89814e-09
-1.09326e-07
-1.73594e-07
-1.59098e-07
-7.46229e-08
5.15637e-08
1.66019e-07
2.26938e-07
2.19306e-07
1.34875e-07
7.47805e-09
-1.09914e-07
-1.74147e-07
-1.59412e-07
-7.459e-08
5.1951e-08
1.66627e-07
2.2751e-07
2.19638e-07
1.34822e-07
7.05174e-09
-1.10516e-07
-1.74717e-07
-1.59737e-07
-7.45601e-08
5.23443e-08
1.67248e-07
2.28096e-07
2.19982e-07
1.34772e-07
6.61934e-09
-1.1113e-07
-1.75301e-07
-1.60073e-07
-7.45331e-08
5.27435e-08
1.67881e-07
2.28698e-07
2.20339e-07
1.34726e-07
6.18139e-09
-1.11757e-07
-1.75901e-07
-1.60421e-07
-7.45092e-08
5.3148e-08
1.68526e-07
2.29313e-07
2.20708e-07
1.34685e-07
5.73874e-09
-1.12396e-07
-1.76516e-07
-1.60779e-07
-7.44892e-08
5.35569e-08
1.69181e-07
2.29943e-07
2.2109e-07
1.34649e-07
5.29159e-09
-1.13047e-07
-1.77146e-07
-1.61149e-07
-7.44729e-08
5.39702e-08
1.69847e-07
2.30587e-07
2.21483e-07
1.34616e-07
4.83955e-09
-1.13709e-07
-1.7779e-07
-1.61529e-07
-7.44599e-08
5.43882e-08
1.70524e-07
2.31244e-07
2.21889e-07
1.34589e-07
4.38344e-09
-1.14383e-07
-1.78448e-07
-1.6192e-07
-7.44507e-08
5.481e-08
1.7121e-07
2.31914e-07
2.22307e-07
1.34567e-07
3.92536e-09
-1.15066e-07
-1.79119e-07
-1.62323e-07
-7.44471e-08
5.52337e-08
1.71905e-07
2.32597e-07
2.22737e-07
1.34553e-07
3.46589e-09
-1.15757e-07
-1.79803e-07
-1.62736e-07
-7.44491e-08
5.56587e-08
1.72608e-07
2.33292e-07
2.2318e-07
1.34544e-07
3.00409e-09
-1.16458e-07
-1.80499e-07
-1.6316e-07
-7.44557e-08
5.60859e-08
1.73318e-07
2.33998e-07
2.23634e-07
1.3454e-07
2.54046e-09
-1.17167e-07
-1.81208e-07
-1.63594e-07
-7.44672e-08
5.65148e-08
1.74036e-07
2.34716e-07
2.24099e-07
1.34544e-07
2.07674e-09
-1.17883e-07
-1.81929e-07
-1.64039e-07
-7.44849e-08
5.69437e-08
1.7476e-07
2.35444e-07
2.24576e-07
1.34556e-07
1.61383e-09
-1.18606e-07
-1.8266e-07
-1.64494e-07
-7.4509e-08
5.73717e-08
1.75489e-07
2.36182e-07
2.25065e-07
1.34574e-07
1.15176e-09
-1.19334e-07
-1.83401e-07
-1.64958e-07
-7.45393e-08
5.77989e-08
1.76223e-07
2.36929e-07
2.25565e-07
1.346e-07
6.90933e-10
-1.20067e-07
-1.84151e-07
-1.65432e-07
-7.45758e-08
5.82248e-08
1.7696e-07
2.37685e-07
2.26075e-07
1.34633e-07
2.32251e-10
-1.20805e-07
-1.84911e-07
-1.65915e-07
-7.46188e-08
5.86486e-08
1.77701e-07
2.38449e-07
2.26595e-07
1.34673e-07
-2.23811e-10
-1.21545e-07
-1.85678e-07
-1.66407e-07
-7.46683e-08
5.90698e-08
1.78444e-07
2.39219e-07
2.27124e-07
1.34721e-07
-6.76843e-10
-1.22289e-07
-1.86452e-07
-1.66906e-07
-7.47242e-08
5.9488e-08
1.79188e-07
2.39996e-07
2.27663e-07
1.34777e-07
-1.12623e-09
-1.23033e-07
-1.87233e-07
-1.67413e-07
-7.47864e-08
5.99026e-08
1.79933e-07
2.40777e-07
2.2821e-07
1.34839e-07
-1.57201e-09
-1.23779e-07
-1.88018e-07
-1.67927e-07
-7.48544e-08
6.03136e-08
1.80678e-07
2.41563e-07
2.28764e-07
1.34908e-07
-2.01389e-09
-1.24525e-07
-1.88808e-07
-1.68446e-07
-7.4928e-08
6.07209e-08
1.81422e-07
2.42353e-07
2.29325e-07
1.34984e-07
-2.45031e-09
-1.2527e-07
-1.89601e-07
-1.6897e-07
-7.5008e-08
6.11227e-08
1.82164e-07
2.43144e-07
2.29892e-07
1.35068e-07
-2.8799e-09
-1.26012e-07
-1.90396e-07
-1.695e-07
-7.50949e-08
6.15178e-08
1.82902e-07
2.43937e-07
2.30466e-07
1.3516e-07
-3.30249e-09
-1.26751e-07
-1.91192e-07
-1.70034e-07
-7.51883e-08
6.19059e-08
1.83636e-07
2.44729e-07
2.31044e-07
1.35259e-07
-3.71776e-09
-1.27485e-07
-1.91988e-07
-1.70572e-07
-7.52879e-08
6.22869e-08
1.84364e-07
2.45521e-07
2.31627e-07
1.35366e-07
-4.12444e-09
-1.28213e-07
-1.92783e-07
-1.71113e-07
-7.53944e-08
6.26595e-08
1.85085e-07
2.46311e-07
2.32214e-07
1.35481e-07
-4.52202e-09
-1.28934e-07
-1.93577e-07
-1.71657e-07
-7.55079e-08
6.30231e-08
1.85799e-07
2.47098e-07
2.32805e-07
1.35603e-07
-4.91108e-09
-1.29649e-07
-1.94367e-07
-1.72202e-07
-7.56269e-08
6.33784e-08
1.86505e-07
2.47881e-07
2.33397e-07
1.3573e-07
-5.29229e-09
-1.30357e-07
-1.95154e-07
-1.72747e-07
-7.57503e-08
6.37261e-08
1.87203e-07
2.48659e-07
2.33991e-07
1.35861e-07
-5.66668e-09
-1.31058e-07
-1.95936e-07
-1.73291e-07
-7.58763e-08
6.40672e-08
1.87893e-07
2.49432e-07
2.34583e-07
1.35991e-07
-6.03681e-09
-1.31752e-07
-1.96711e-07
-1.73829e-07
-7.60009e-08
6.44041e-08
1.88576e-07
2.50197e-07
2.3517e-07
1.36114e-07
-6.40782e-09
-1.3244e-07
-1.97475e-07
-1.74355e-07
-7.61172e-08
6.47417e-08
1.89251e-07
2.5095e-07
2.35746e-07
1.36224e-07
-6.78326e-09
-1.33122e-07
-1.98223e-07
-1.74862e-07
-7.62196e-08
6.50831e-08
1.89919e-07
2.51688e-07
2.36304e-07
1.36325e-07
-7.15778e-09
-1.33792e-07
-1.98954e-07
-1.75351e-07
-7.63102e-08
6.54239e-08
1.90574e-07
2.52407e-07
2.36844e-07
1.36384e-07
-7.54444e-09
-1.34446e-07
-1.99644e-07
-1.75788e-07
-7.63591e-08
6.57781e-08
1.9121e-07
2.53087e-07
2.37333e-07
1.36192e-07
-8.07142e-09
-1.35083e-07
-2.00164e-07
-1.75978e-07
-7.61774e-08
6.62621e-08
1.91837e-07
2.53622e-07
2.37574e-07
1.35527e-07
-8.85861e-09
-1.35615e-07
-2.00295e-07
-1.75688e-07
-7.55792e-08
6.69653e-08
1.92412e-07
2.53819e-07
2.37321e-07
1.37497e-07
1.53101e-08
-1.00386e-07
-1.65464e-07
-1.55754e-07
-7.81119e-08
4.4222e-08
1.58094e-07
2.19426e-07
2.15176e-07
1.37205e-07
1.50792e-08
-1.00452e-07
-1.65368e-07
-1.55511e-07
-7.78031e-08
4.44392e-08
1.58142e-07
2.19328e-07
2.1495e-07
1.36996e-07
1.48252e-08
-1.00646e-07
-1.6545e-07
-1.55444e-07
-7.75934e-08
4.46899e-08
1.58332e-07
2.19412e-07
2.14888e-07
1.36843e-07
1.45605e-08
-1.00906e-07
-1.65637e-07
-1.55483e-07
-7.74443e-08
4.49522e-08
1.58593e-07
2.196e-07
2.14929e-07
1.36702e-07
1.4283e-08
-1.01194e-07
-1.65862e-07
-1.55554e-07
-7.73073e-08
4.52263e-08
1.58885e-07
2.19827e-07
2.15003e-07
1.36567e-07
1.39956e-08
-1.01505e-07
-1.66113e-07
-1.55646e-07
-7.71774e-08
4.55093e-08
1.59198e-07
2.2008e-07
2.15098e-07
1.36442e-07
1.37007e-08
-1.01835e-07
-1.66391e-07
-1.5576e-07
-7.70574e-08
4.57993e-08
1.59532e-07
2.20361e-07
2.15216e-07
1.36324e-07
1.33984e-08
-1.02185e-07
-1.66693e-07
-1.55894e-07
-7.69459e-08
4.60961e-08
1.59887e-07
2.20665e-07
2.15354e-07
1.36213e-07
1.30885e-08
-1.02553e-07
-1.67018e-07
-1.56046e-07
-7.6841e-08
4.64002e-08
1.60259e-07
2.20992e-07
2.15511e-07
1.36107e-07
1.27707e-08
-1.02938e-07
-1.67363e-07
-1.56215e-07
-7.67417e-08
4.67118e-08
1.60649e-07
2.2134e-07
2.15684e-07
1.36006e-07
1.24448e-08
-1.03341e-07
-1.67729e-07
-1.56398e-07
-7.66473e-08
4.70311e-08
1.61057e-07
2.21707e-07
2.15873e-07
1.35908e-07
1.2111e-08
-1.0376e-07
-1.68114e-07
-1.56597e-07
-7.65575e-08
4.73581e-08
1.61481e-07
2.22095e-07
2.16077e-07
1.35816e-07
1.17696e-08
-1.04195e-07
-1.68518e-07
-1.56809e-07
-7.64722e-08
4.76925e-08
1.61923e-07
2.22501e-07
2.16295e-07
1.35727e-07
1.14203e-08
-1.04646e-07
-1.68942e-07
-1.57036e-07
-7.63912e-08
4.80344e-08
1.6238e-07
2.22925e-07
2.16528e-07
1.35642e-07
1.10632e-08
-1.05114e-07
-1.69383e-07
-1.57276e-07
-7.6314e-08
4.8384e-08
1.62854e-07
2.23368e-07
2.16775e-07
1.3556e-07
1.06983e-08
-1.05597e-07
-1.69843e-07
-1.5753e-07
-7.62407e-08
4.87411e-08
1.63344e-07
2.23829e-07
2.17036e-07
1.35482e-07
1.03261e-08
-1.06095e-07
-1.70321e-07
-1.57797e-07
-7.61714e-08
4.91053e-08
1.63849e-07
2.24307e-07
2.1731e-07
1.35408e-07
9.94661e-09
-1.06609e-07
-1.70816e-07
-1.58076e-07
-7.61058e-08
4.94768e-08
1.6437e-07
2.24803e-07
2.17598e-07
1.35337e-07
9.55962e-09
-1.07137e-07
-1.71328e-07
-1.58368e-07
-7.60435e-08
4.98555e-08
1.64906e-07
2.25315e-07
2.17898e-07
1.35269e-07
9.16554e-09
-1.0768e-07
-1.71857e-07
-1.58672e-07
-7.59849e-08
5.02413e-08
1.65456e-07
2.25844e-07
2.1821e-07
1.35205e-07
8.76481e-09
-1.08237e-07
-1.72402e-07
-1.58989e-07
-7.593e-08
5.06336e-08
1.66021e-07
2.26389e-07
2.18536e-07
1.35145e-07
8.35766e-09
-1.08808e-07
-1.72964e-07
-1.59317e-07
-7.58791e-08
5.10322e-08
1.666e-07
2.26949e-07
2.18874e-07
1.35089e-07
7.94448e-09
-1.09392e-07
-1.73541e-07
-1.59658e-07
-7.58322e-08
5.14367e-08
1.67192e-07
2.27526e-07
2.19224e-07
1.35036e-07
7.52559e-09
-1.09989e-07
-1.74135e-07
-1.6001e-07
-7.57894e-08
5.1847e-08
1.67798e-07
2.28117e-07
2.19586e-07
1.34988e-07
7.10115e-09
-1.10599e-07
-1.74743e-07
-1.60374e-07
-7.57507e-08
5.22627e-08
1.68416e-07
2.28723e-07
2.19961e-07
1.34944e-07
6.67167e-09
-1.11221e-07
-1.75366e-07
-1.6075e-07
-7.57164e-08
5.26835e-08
1.69047e-07
2.29344e-07
2.20347e-07
1.34904e-07
6.238e-09
-1.11854e-07
-1.76004e-07
-1.61137e-07
-7.56871e-08
5.31085e-08
1.69689e-07
2.29979e-07
2.20746e-07
1.34869e-07
5.80035e-09
-1.12499e-07
-1.76656e-07
-1.61535e-07
-7.56626e-08
5.35374e-08
1.70343e-07
2.30627e-07
2.21156e-07
1.34839e-07
5.35836e-09
-1.13154e-07
-1.77322e-07
-1.61945e-07
-7.56426e-08
5.39708e-08
1.71007e-07
2.31289e-07
2.21578e-07
1.34813e-07
4.91281e-09
-1.1382e-07
-1.78002e-07
-1.62365e-07
-7.56276e-08
5.44077e-08
1.71683e-07
2.31964e-07
2.22011e-07
1.34794e-07
4.46574e-09
-1.14495e-07
-1.78695e-07
-1.62798e-07
-7.56193e-08
5.48462e-08
1.72367e-07
2.32651e-07
2.22456e-07
1.34781e-07
4.01773e-09
-1.15179e-07
-1.794e-07
-1.63241e-07
-7.56177e-08
5.52856e-08
1.73059e-07
2.3335e-07
2.22913e-07
1.34774e-07
3.56787e-09
-1.1587e-07
-1.80117e-07
-1.63695e-07
-7.56218e-08
5.5727e-08
1.7376e-07
2.34061e-07
2.23381e-07
1.34773e-07
3.11666e-09
-1.1657e-07
-1.80846e-07
-1.6416e-07
-7.5632e-08
5.61697e-08
1.7447e-07
2.34783e-07
2.2386e-07
1.34779e-07
2.66576e-09
-1.17276e-07
-1.81586e-07
-1.64636e-07
-7.56495e-08
5.66122e-08
1.75185e-07
2.35516e-07
2.24351e-07
1.34793e-07
2.21606e-09
-1.17988e-07
-1.82336e-07
-1.65122e-07
-7.56746e-08
5.70535e-08
1.75907e-07
2.36258e-07
2.24852e-07
1.34815e-07
1.76758e-09
-1.18705e-07
-1.83096e-07
-1.65618e-07
-7.57069e-08
5.74935e-08
1.76633e-07
2.37009e-07
2.25363e-07
1.34843e-07
1.32067e-09
-1.19427e-07
-1.83866e-07
-1.66124e-07
-7.57466e-08
5.7932e-08
1.77364e-07
2.37769e-07
2.25885e-07
1.3488e-07
8.76222e-10
-1.20152e-07
-1.84643e-07
-1.66639e-07
-7.57939e-08
5.83681e-08
1.78099e-07
2.38536e-07
2.26416e-07
1.34924e-07
4.35566e-10
-1.2088e-07
-1.85428e-07
-1.67163e-07
-7.58487e-08
5.88012e-08
1.78836e-07
2.3931e-07
2.26956e-07
1.34975e-07
1.21657e-14
-1.21609e-07
-1.86219e-07
-1.67694e-07
-7.5911e-08
5.9231e-08
1.79576e-07
2.4009e-07
2.27504e-07
1.35034e-07
-4.29723e-10
-1.2234e-07
-1.87016e-07
-1.68234e-07
-7.59807e-08
5.96568e-08
1.80316e-07
2.40876e-07
2.28061e-07
1.351e-07
-8.53687e-10
-1.2307e-07
-1.87818e-07
-1.6878e-07
-7.60572e-08
6.00788e-08
1.81057e-07
2.41665e-07
2.28624e-07
1.35172e-07
-1.27246e-09
-1.23801e-07
-1.88624e-07
-1.69333e-07
-7.61404e-08
6.04967e-08
1.81797e-07
2.42458e-07
2.29194e-07
1.35252e-07
-1.68541e-09
-1.2453e-07
-1.89432e-07
-1.69891e-07
-7.6231e-08
6.09089e-08
1.82536e-07
2.43253e-07
2.2977e-07
1.3534e-07
-2.09118e-09
-1.25255e-07
-1.90242e-07
-1.70454e-07
-7.63295e-08
6.1314e-08
1.83271e-07
2.44048e-07
2.30351e-07
1.35436e-07
-2.48959e-09
-1.25977e-07
-1.91053e-07
-1.71022e-07
-7.64354e-08
6.17119e-08
1.84002e-07
2.44844e-07
2.30937e-07
1.35539e-07
-2.88032e-09
-1.26693e-07
-1.91863e-07
-1.71593e-07
-7.65484e-08
6.21024e-08
1.84728e-07
2.45638e-07
2.31526e-07
1.35649e-07
-3.26212e-09
-1.27403e-07
-1.92672e-07
-1.72168e-07
-7.66693e-08
6.2484e-08
1.85448e-07
2.46431e-07
2.3212e-07
1.35768e-07
-3.63449e-09
-1.28106e-07
-1.93478e-07
-1.72745e-07
-7.67981e-08
6.28565e-08
1.86161e-07
2.47221e-07
2.32716e-07
1.35893e-07
-3.99804e-09
-1.28801e-07
-1.94281e-07
-1.73325e-07
-7.69333e-08
6.32203e-08
1.86866e-07
2.48007e-07
2.33314e-07
1.36024e-07
-4.35345e-09
-1.29489e-07
-1.9508e-07
-1.73904e-07
-7.70738e-08
6.35761e-08
1.87564e-07
2.48788e-07
2.33913e-07
1.36158e-07
-4.70179e-09
-1.3017e-07
-1.95874e-07
-1.74482e-07
-7.72178e-08
6.39251e-08
1.88254e-07
2.49563e-07
2.34509e-07
1.36293e-07
-5.04569e-09
-1.30844e-07
-1.9666e-07
-1.75054e-07
-7.73612e-08
6.42696e-08
1.88937e-07
2.5033e-07
2.35101e-07
1.36419e-07
-5.39038e-09
-1.31511e-07
-1.97435e-07
-1.75614e-07
-7.7497e-08
6.46147e-08
1.89613e-07
2.51086e-07
2.35681e-07
1.36533e-07
-5.73948e-09
-1.32173e-07
-1.98195e-07
-1.76155e-07
-7.76194e-08
6.49635e-08
1.90283e-07
2.51826e-07
2.36243e-07
1.36637e-07
-6.08776e-09
-1.32824e-07
-1.98937e-07
-1.76678e-07
-7.77306e-08
6.53116e-08
1.9094e-07
2.52548e-07
2.36787e-07
1.36699e-07
-6.44914e-09
-1.33459e-07
-1.99639e-07
-1.77148e-07
-7.77997e-08
6.56736e-08
1.91579e-07
2.53233e-07
2.37279e-07
1.36512e-07
-6.95534e-09
-1.34081e-07
-2.00177e-07
-1.7737e-07
-7.76317e-08
6.61698e-08
1.92209e-07
2.53773e-07
2.37524e-07
1.35853e-07
-7.72982e-09
-1.3463e-07
-2.00333e-07
-1.77106e-07
-7.70329e-08
6.68939e-08
1.92799e-07
2.53976e-07
2.37275e-07
1.3828e-07
1.56691e-08
-1.00285e-07
-1.6512e-07
-1.56463e-07
-7.88625e-08
4.52446e-08
1.58123e-07
2.18221e-07
2.15204e-07
1.3798e-07
1.54314e-08
-1.00353e-07
-1.65024e-07
-1.56219e-07
-7.8555e-08
4.54619e-08
1.58188e-07
2.18142e-07
2.14966e-07
1.37766e-07
1.51742e-08
-1.00549e-07
-1.65108e-07
-1.56153e-07
-7.83467e-08
4.56908e-08
1.5839e-07
2.18251e-07
2.14899e-07
1.37611e-07
1.49066e-08
-1.00812e-07
-1.65296e-07
-1.56194e-07
-7.81993e-08
4.59297e-08
1.58659e-07
2.18468e-07
2.14939e-07
1.37468e-07
1.4626e-08
-1.01102e-07
-1.65521e-07
-1.56267e-07
-7.80645e-08
4.61809e-08
1.58957e-07
2.18724e-07
2.15011e-07
1.37333e-07
1.43357e-08
-1.01415e-07
-1.65772e-07
-1.56361e-07
-7.79374e-08
4.64411e-08
1.59277e-07
2.19006e-07
2.15106e-07
1.37207e-07
1.40382e-08
-1.01747e-07
-1.66049e-07
-1.56478e-07
-7.78205e-08
4.6708e-08
1.59617e-07
2.19314e-07
2.15223e-07
1.37089e-07
1.37335e-08
-1.02099e-07
-1.66351e-07
-1.56616e-07
-7.77127e-08
4.69818e-08
1.59977e-07
2.19647e-07
2.15361e-07
1.36979e-07
1.34211e-08
-1.02469e-07
-1.66674e-07
-1.56772e-07
-7.7612e-08
4.72634e-08
1.60356e-07
2.20002e-07
2.15517e-07
1.36874e-07
1.31011e-08
-1.02856e-07
-1.67018e-07
-1.56944e-07
-7.75175e-08
4.75527e-08
1.60752e-07
2.20377e-07
2.1569e-07
1.36774e-07
1.27731e-08
-1.0326e-07
-1.67382e-07
-1.57133e-07
-7.74283e-08
4.78502e-08
1.61165e-07
2.20771e-07
2.15879e-07
1.36679e-07
1.24372e-08
-1.0368e-07
-1.67765e-07
-1.57337e-07
-7.73443e-08
4.81558e-08
1.61595e-07
2.21185e-07
2.16083e-07
1.36589e-07
1.20938e-08
-1.04117e-07
-1.68167e-07
-1.57556e-07
-7.72654e-08
4.84693e-08
1.62042e-07
2.21617e-07
2.16302e-07
1.36503e-07
1.17427e-08
-1.0457e-07
-1.68587e-07
-1.57789e-07
-7.71912e-08
4.87908e-08
1.62506e-07
2.22068e-07
2.16536e-07
1.36422e-07
1.13838e-08
-1.05039e-07
-1.69026e-07
-1.58036e-07
-7.71215e-08
4.91206e-08
1.62985e-07
2.22536e-07
2.16783e-07
1.36345e-07
1.10172e-08
-1.05524e-07
-1.69482e-07
-1.58298e-07
-7.70561e-08
4.94583e-08
1.63481e-07
2.23022e-07
2.17045e-07
1.36272e-07
1.06435e-08
-1.06024e-07
-1.69956e-07
-1.58573e-07
-7.69953e-08
4.98038e-08
1.63992e-07
2.23524e-07
2.1732e-07
1.36203e-07
1.02624e-08
-1.06539e-07
-1.70447e-07
-1.58862e-07
-7.69388e-08
5.0157e-08
1.64519e-07
2.24044e-07
2.17608e-07
1.36137e-07
9.87403e-09
-1.07069e-07
-1.70955e-07
-1.59164e-07
-7.68862e-08
5.0518e-08
1.6506e-07
2.2458e-07
2.1791e-07
1.36076e-07
9.47862e-09
-1.07613e-07
-1.71479e-07
-1.59479e-07
-7.68377e-08
5.08866e-08
1.65617e-07
2.25131e-07
2.18224e-07
1.36019e-07
9.07665e-09
-1.08172e-07
-1.7202e-07
-1.59807e-07
-7.67936e-08
5.12623e-08
1.66187e-07
2.25699e-07
2.18551e-07
1.35966e-07
8.66835e-09
-1.08744e-07
-1.72576e-07
-1.60148e-07
-7.67539e-08
5.16448e-08
1.66772e-07
2.26282e-07
2.18891e-07
1.35918e-07
8.25411e-09
-1.0933e-07
-1.73149e-07
-1.60501e-07
-7.67188e-08
5.2034e-08
1.6737e-07
2.2688e-07
2.19244e-07
1.35874e-07
7.83424e-09
-1.09928e-07
-1.73736e-07
-1.60867e-07
-7.66883e-08
5.24293e-08
1.67982e-07
2.27492e-07
2.19608e-07
1.35835e-07
7.40888e-09
-1.1054e-07
-1.74338e-07
-1.61246e-07
-7.66624e-08
5.28308e-08
1.68606e-07
2.28119e-07
2.19985e-07
1.35801e-07
6.97857e-09
-1.11163e-07
-1.74955e-07
-1.61636e-07
-7.66413e-08
5.32378e-08
1.69242e-07
2.2876e-07
2.20375e-07
1.35772e-07
6.54412e-09
-1.11798e-07
-1.75586e-07
-1.62039e-07
-7.66256e-08
5.36497e-08
1.6989e-07
2.29415e-07
2.20776e-07
1.35748e-07
6.10575e-09
-1.12444e-07
-1.76231e-07
-1.62454e-07
-7.66153e-08
5.40662e-08
1.70549e-07
2.30083e-07
2.21189e-07
1.3573e-07
5.6631e-09
-1.13101e-07
-1.76889e-07
-1.62881e-07
-7.66099e-08
5.44877e-08
1.71219e-07
2.30763e-07
2.21614e-07
1.35717e-07
5.21699e-09
-1.13768e-07
-1.77561e-07
-1.63319e-07
-7.66099e-08
5.49133e-08
1.719e-07
2.31456e-07
2.22051e-07
1.35711e-07
4.76945e-09
-1.14444e-07
-1.78245e-07
-1.6377e-07
-7.6617e-08
5.53411e-08
1.72589e-07
2.32161e-07
2.22499e-07
1.35712e-07
4.32106e-09
-1.15129e-07
-1.78941e-07
-1.64233e-07
-7.66314e-08
5.57706e-08
1.73287e-07
2.32878e-07
2.2296e-07
1.3572e-07
3.87097e-09
-1.15821e-07
-1.79649e-07
-1.64707e-07
-7.66518e-08
5.62025e-08
1.73993e-07
2.33605e-07
2.23431e-07
1.35734e-07
3.4197e-09
-1.16522e-07
-1.80368e-07
-1.65193e-07
-7.66787e-08
5.66365e-08
1.74708e-07
2.34343e-07
2.23914e-07
1.35756e-07
2.96895e-09
-1.17229e-07
-1.81097e-07
-1.6569e-07
-7.67132e-08
5.70707e-08
1.75428e-07
2.3509e-07
2.24408e-07
1.35787e-07
2.51961e-09
-1.17942e-07
-1.81837e-07
-1.66198e-07
-7.67557e-08
5.75043e-08
1.76155e-07
2.35847e-07
2.24913e-07
1.35825e-07
2.07173e-09
-1.1866e-07
-1.82586e-07
-1.66717e-07
-7.68059e-08
5.79373e-08
1.76886e-07
2.36613e-07
2.25428e-07
1.3587e-07
1.62573e-09
-1.19382e-07
-1.83343e-07
-1.67246e-07
-7.68639e-08
5.83693e-08
1.77622e-07
2.37386e-07
2.25954e-07
1.35924e-07
1.1825e-09
-1.20108e-07
-1.84108e-07
-1.67785e-07
-7.693e-08
5.87993e-08
1.78361e-07
2.38167e-07
2.26489e-07
1.35987e-07
7.42507e-10
-1.20836e-07
-1.8488e-07
-1.68334e-07
-7.70041e-08
5.9227e-08
1.79103e-07
2.38953e-07
2.27033e-07
1.36057e-07
3.06172e-10
-1.21566e-07
-1.85659e-07
-1.68891e-07
-7.7086e-08
5.96519e-08
1.79847e-07
2.39745e-07
2.27586e-07
1.36135e-07
-1.25907e-10
-1.22297e-07
-1.86442e-07
-1.69457e-07
-7.71759e-08
6.00734e-08
1.80591e-07
2.40542e-07
2.28147e-07
1.36221e-07
-5.53753e-10
-1.23029e-07
-1.8723e-07
-1.70029e-07
-7.7273e-08
6.04916e-08
1.81337e-07
2.41342e-07
2.28714e-07
1.36314e-07
-9.77095e-10
-1.2376e-07
-1.88021e-07
-1.70609e-07
-7.73772e-08
6.09061e-08
1.82082e-07
2.42145e-07
2.29288e-07
1.36415e-07
-1.3944e-09
-1.2449e-07
-1.88815e-07
-1.71195e-07
-7.74893e-08
6.13154e-08
1.82825e-07
2.4295e-07
2.29868e-07
1.36525e-07
-1.8043e-09
-1.25216e-07
-1.8961e-07
-1.71787e-07
-7.76096e-08
6.17182e-08
1.83564e-07
2.43755e-07
2.30454e-07
1.36642e-07
-2.20667e-09
-1.25938e-07
-1.90404e-07
-1.72383e-07
-7.77379e-08
6.21143e-08
1.843e-07
2.44559e-07
2.31044e-07
1.36768e-07
-2.60119e-09
-1.26654e-07
-1.91198e-07
-1.72984e-07
-7.78737e-08
6.25034e-08
1.8503e-07
2.45362e-07
2.31638e-07
1.36901e-07
-2.98659e-09
-1.27365e-07
-1.91989e-07
-1.73589e-07
-7.80177e-08
6.28843e-08
1.85754e-07
2.46162e-07
2.32235e-07
1.37043e-07
-3.36236e-09
-1.28068e-07
-1.92778e-07
-1.74197e-07
-7.817e-08
6.32563e-08
1.86471e-07
2.46959e-07
2.32836e-07
1.37193e-07
-3.72915e-09
-1.28764e-07
-1.93563e-07
-1.74807e-07
-7.83292e-08
6.36202e-08
1.8718e-07
2.47751e-07
2.33438e-07
1.37348e-07
-4.08764e-09
-1.29452e-07
-1.94344e-07
-1.75418e-07
-7.8494e-08
6.39766e-08
1.87882e-07
2.48538e-07
2.3404e-07
1.37507e-07
-4.43893e-09
-1.30133e-07
-1.95119e-07
-1.76027e-07
-7.86625e-08
6.43265e-08
1.88577e-07
2.49319e-07
2.34641e-07
1.37666e-07
-4.78571e-09
-1.30807e-07
-1.95886e-07
-1.76631e-07
-7.88307e-08
6.46727e-08
1.89264e-07
2.50092e-07
2.35236e-07
1.37818e-07
-5.13331e-09
-1.31475e-07
-1.96642e-07
-1.77224e-07
-7.89914e-08
6.50199e-08
1.89944e-07
2.50852e-07
2.35819e-07
1.37957e-07
-5.48546e-09
-1.32138e-07
-1.97382e-07
-1.77798e-07
-7.91387e-08
6.53717e-08
1.90619e-07
2.51598e-07
2.36385e-07
1.38086e-07
-5.83683e-09
-1.3279e-07
-1.98105e-07
-1.78354e-07
-7.92747e-08
6.57234e-08
1.91282e-07
2.52324e-07
2.36933e-07
1.38174e-07
-6.20191e-09
-1.33426e-07
-1.98789e-07
-1.78857e-07
-7.93675e-08
6.60901e-08
1.91926e-07
2.53013e-07
2.37429e-07
1.38007e-07
-6.71624e-09
-1.3405e-07
-1.99314e-07
-1.79113e-07
-7.92172e-08
6.65967e-08
1.92561e-07
2.53558e-07
2.37679e-07
1.3736e-07
-7.50746e-09
-1.34607e-07
-1.99469e-07
-1.78879e-07
-7.86228e-08
6.73401e-08
1.93167e-07
2.53766e-07
2.37439e-07
1.38443e-07
1.5842e-08
-1e-07
-1.64749e-07
-1.5666e-07
-7.93658e-08
4.5038e-08
1.58199e-07
2.18171e-07
2.15083e-07
1.38142e-07
1.56038e-08
-1.00069e-07
-1.64654e-07
-1.56417e-07
-7.90573e-08
4.52562e-08
1.58264e-07
2.18092e-07
2.14844e-07
1.37928e-07
1.53464e-08
-1.00266e-07
-1.64738e-07
-1.56351e-07
-7.88482e-08
4.54854e-08
1.58466e-07
2.18202e-07
2.14777e-07
1.37772e-07
1.50788e-08
-1.00528e-07
-1.64927e-07
-1.56391e-07
-7.87e-08
4.57248e-08
1.58735e-07
2.18419e-07
2.14816e-07
1.37629e-07
1.47983e-08
-1.00818e-07
-1.65152e-07
-1.56465e-07
-7.85643e-08
4.59768e-08
1.59034e-07
2.18674e-07
2.14888e-07
1.37493e-07
1.45081e-08
-1.0113e-07
-1.65404e-07
-1.5656e-07
-7.84361e-08
4.6238e-08
1.59353e-07
2.18956e-07
2.14982e-07
1.37367e-07
1.42106e-08
-1.01463e-07
-1.65683e-07
-1.56678e-07
-7.83181e-08
4.65061e-08
1.59694e-07
2.19265e-07
2.151e-07
1.37249e-07
1.3906e-08
-1.01814e-07
-1.65985e-07
-1.56817e-07
-7.82091e-08
4.67814e-08
1.60054e-07
2.19598e-07
2.15238e-07
1.37138e-07
1.35938e-08
-1.02184e-07
-1.6631e-07
-1.56974e-07
-7.81072e-08
4.70646e-08
1.60432e-07
2.19953e-07
2.15394e-07
1.37033e-07
1.32739e-08
-1.0257e-07
-1.66655e-07
-1.57149e-07
-7.80112e-08
4.73557e-08
1.60828e-07
2.20328e-07
2.15568e-07
1.36933e-07
1.2946e-08
-1.02974e-07
-1.6702e-07
-1.57339e-07
-7.79206e-08
4.76552e-08
1.61241e-07
2.20723e-07
2.15757e-07
1.36837e-07
1.26103e-08
-1.03394e-07
-1.67405e-07
-1.57545e-07
-7.7835e-08
4.7963e-08
1.61671e-07
2.21137e-07
2.15962e-07
1.36747e-07
1.2267e-08
-1.03831e-07
-1.67809e-07
-1.57766e-07
-7.77544e-08
4.82789e-08
1.62118e-07
2.21569e-07
2.16181e-07
1.36661e-07
1.19161e-08
-1.04283e-07
-1.68231e-07
-1.58002e-07
-7.76785e-08
4.86029e-08
1.62581e-07
2.2202e-07
2.16415e-07
1.36579e-07
1.15573e-08
-1.04752e-07
-1.68671e-07
-1.58253e-07
-7.7607e-08
4.89353e-08
1.6306e-07
2.22488e-07
2.16664e-07
1.36501e-07
1.11909e-08
-1.05236e-07
-1.6913e-07
-1.58517e-07
-7.75398e-08
4.92758e-08
1.63555e-07
2.22974e-07
2.16926e-07
1.36428e-07
1.08173e-08
-1.05735e-07
-1.69606e-07
-1.58796e-07
-7.74772e-08
4.96242e-08
1.64066e-07
2.23477e-07
2.17202e-07
1.36359e-07
1.04364e-08
-1.0625e-07
-1.70099e-07
-1.59088e-07
-7.74188e-08
4.99804e-08
1.64592e-07
2.23997e-07
2.17492e-07
1.36294e-07
1.00481e-08
-1.06779e-07
-1.70609e-07
-1.59394e-07
-7.73642e-08
5.03445e-08
1.65133e-07
2.24533e-07
2.17794e-07
1.36232e-07
9.65289e-09
-1.07323e-07
-1.71135e-07
-1.59712e-07
-7.73138e-08
5.07163e-08
1.65688e-07
2.25085e-07
2.1811e-07
1.36175e-07
9.25109e-09
-1.07881e-07
-1.71678e-07
-1.60044e-07
-7.72677e-08
5.10952e-08
1.66258e-07
2.25652e-07
2.18438e-07
1.36122e-07
8.84297e-09
-1.08452e-07
-1.72236e-07
-1.60389e-07
-7.7226e-08
5.14811e-08
1.66842e-07
2.26235e-07
2.18779e-07
1.36074e-07
8.4289e-09
-1.09037e-07
-1.72811e-07
-1.60746e-07
-7.71889e-08
5.18737e-08
1.6744e-07
2.26834e-07
2.19133e-07
1.3603e-07
8.0092e-09
-1.09635e-07
-1.734e-07
-1.61117e-07
-7.71564e-08
5.22725e-08
1.6805e-07
2.27446e-07
2.19499e-07
1.35991e-07
7.58403e-09
-1.10245e-07
-1.74005e-07
-1.61499e-07
-7.71285e-08
5.26775e-08
1.68674e-07
2.28074e-07
2.19877e-07
1.35957e-07
7.15389e-09
-1.10867e-07
-1.74624e-07
-1.61894e-07
-7.71056e-08
5.30881e-08
1.69309e-07
2.28715e-07
2.20268e-07
1.35928e-07
6.71962e-09
-1.11501e-07
-1.75257e-07
-1.62302e-07
-7.70881e-08
5.35037e-08
1.69956e-07
2.29369e-07
2.2067e-07
1.35904e-07
6.28142e-09
-1.12146e-07
-1.75903e-07
-1.62721e-07
-7.7076e-08
5.39238e-08
1.70615e-07
2.30037e-07
2.21085e-07
1.35885e-07
5.83895e-09
-1.12801e-07
-1.76564e-07
-1.63153e-07
-7.70687e-08
5.4349e-08
1.71284e-07
2.30718e-07
2.21511e-07
1.35872e-07
5.39303e-09
-1.13467e-07
-1.77237e-07
-1.63596e-07
-7.7067e-08
5.47783e-08
1.71964e-07
2.31411e-07
2.21949e-07
1.35866e-07
4.94568e-09
-1.14142e-07
-1.77924e-07
-1.64051e-07
-7.70724e-08
5.52099e-08
1.72653e-07
2.32116e-07
2.22399e-07
1.35867e-07
4.49749e-09
-1.14825e-07
-1.78622e-07
-1.64519e-07
-7.70851e-08
5.5643e-08
1.7335e-07
2.32832e-07
2.22861e-07
1.35874e-07
4.04759e-09
-1.15517e-07
-1.79331e-07
-1.64998e-07
-7.7104e-08
5.60786e-08
1.74056e-07
2.3356e-07
2.23333e-07
1.35888e-07
3.59652e-09
-1.16216e-07
-1.80052e-07
-1.65488e-07
-7.71295e-08
5.65162e-08
1.74769e-07
2.34298e-07
2.23817e-07
1.3591e-07
3.14597e-09
-1.16922e-07
-1.80784e-07
-1.6599e-07
-7.71628e-08
5.6954e-08
1.75489e-07
2.35045e-07
2.24312e-07
1.3594e-07
2.69684e-09
-1.17633e-07
-1.81525e-07
-1.66503e-07
-7.72043e-08
5.73912e-08
1.76215e-07
2.35802e-07
2.24818e-07
1.35978e-07
2.24917e-09
-1.1835e-07
-1.82276e-07
-1.67026e-07
-7.72536e-08
5.78277e-08
1.76945e-07
2.36568e-07
2.25335e-07
1.36024e-07
1.80338e-09
-1.1907e-07
-1.83035e-07
-1.6756e-07
-7.73108e-08
5.82631e-08
1.77681e-07
2.37341e-07
2.25862e-07
1.36078e-07
1.36037e-09
-1.19795e-07
-1.83802e-07
-1.68104e-07
-7.73761e-08
5.86964e-08
1.78419e-07
2.38122e-07
2.26398e-07
1.3614e-07
9.20577e-10
-1.20521e-07
-1.84575e-07
-1.68657e-07
-7.74495e-08
5.91273e-08
1.79161e-07
2.38908e-07
2.26943e-07
1.36211e-07
4.84417e-10
-1.2125e-07
-1.85355e-07
-1.69219e-07
-7.75309e-08
5.95553e-08
1.79904e-07
2.397e-07
2.27497e-07
1.36289e-07
5.24748e-11
-1.2198e-07
-1.8614e-07
-1.69789e-07
-7.76203e-08
5.99798e-08
1.80648e-07
2.40497e-07
2.28059e-07
1.36375e-07
-3.75278e-10
-1.2271e-07
-1.86929e-07
-1.70366e-07
-7.77171e-08
6.04008e-08
1.81392e-07
2.41297e-07
2.28628e-07
1.36469e-07
-7.98564e-10
-1.2344e-07
-1.87722e-07
-1.7095e-07
-7.7821e-08
6.08181e-08
1.82137e-07
2.421e-07
2.29203e-07
1.3657e-07
-1.21585e-09
-1.24168e-07
-1.88517e-07
-1.7154e-07
-7.79329e-08
6.123e-08
1.82879e-07
2.42905e-07
2.29785e-07
1.3668e-07
-1.62577e-09
-1.24892e-07
-1.89312e-07
-1.72136e-07
-7.80532e-08
6.16353e-08
1.83618e-07
2.4371e-07
2.30371e-07
1.36798e-07
-2.02819e-09
-1.25612e-07
-1.90108e-07
-1.72737e-07
-7.81814e-08
6.20338e-08
1.84353e-07
2.44514e-07
2.30963e-07
1.36924e-07
-2.42282e-09
-1.26328e-07
-1.90902e-07
-1.73341e-07
-7.83172e-08
6.24252e-08
1.85082e-07
2.45317e-07
2.31558e-07
1.37059e-07
-2.80836e-09
-1.27037e-07
-1.91695e-07
-1.7395e-07
-7.84613e-08
6.28082e-08
1.85806e-07
2.46117e-07
2.32156e-07
1.37201e-07
-3.18434e-09
-1.27739e-07
-1.92484e-07
-1.74561e-07
-7.86137e-08
6.31822e-08
1.86522e-07
2.46914e-07
2.32758e-07
1.37351e-07
-3.55137e-09
-1.28433e-07
-1.9327e-07
-1.75175e-07
-7.8773e-08
6.3548e-08
1.87231e-07
2.47706e-07
2.33361e-07
1.37507e-07
-3.91016e-09
-1.2912e-07
-1.94051e-07
-1.75789e-07
-7.89379e-08
6.39063e-08
1.87932e-07
2.48493e-07
2.33964e-07
1.37667e-07
-4.26179e-09
-1.298e-07
-1.94826e-07
-1.76401e-07
-7.91065e-08
6.42579e-08
1.88626e-07
2.49274e-07
2.34566e-07
1.37827e-07
-4.60895e-09
-1.30473e-07
-1.95593e-07
-1.77008e-07
-7.92748e-08
6.46057e-08
1.89312e-07
2.50046e-07
2.35162e-07
1.37979e-07
-4.95696e-09
-1.3114e-07
-1.96349e-07
-1.77602e-07
-7.94356e-08
6.49544e-08
1.89992e-07
2.50806e-07
2.35746e-07
1.38119e-07
-5.30953e-09
-1.31802e-07
-1.97089e-07
-1.78179e-07
-7.95829e-08
6.53075e-08
1.90666e-07
2.51551e-07
2.36312e-07
1.38249e-07
-5.66133e-09
-1.32454e-07
-1.97812e-07
-1.78735e-07
-7.9719e-08
6.56602e-08
1.91329e-07
2.52277e-07
2.36861e-07
1.38337e-07
-6.02677e-09
-1.33089e-07
-1.98496e-07
-1.7924e-07
-7.98119e-08
6.60279e-08
1.91972e-07
2.52965e-07
2.37357e-07
1.3817e-07
-6.54131e-09
-1.33712e-07
-1.9902e-07
-1.79497e-07
-7.96615e-08
6.6535e-08
1.92606e-07
2.5351e-07
2.37607e-07
1.37523e-07
-7.33257e-09
-1.34269e-07
-1.99175e-07
-1.79261e-07
-7.90666e-08
6.72786e-08
1.93211e-07
2.53718e-07
2.37367e-07
1.38609e-07
1.59627e-08
-9.99649e-08
-1.64649e-07
-1.56916e-07
-7.98185e-08
4.41586e-08
1.58492e-07
2.1911e-07
2.15016e-07
1.38315e-07
1.57281e-08
-1.00032e-07
-1.64554e-07
-1.56672e-07
-7.95069e-08
4.4379e-08
1.58541e-07
2.19013e-07
2.14789e-07
1.38105e-07
1.5472e-08
-1.00228e-07
-1.64637e-07
-1.56606e-07
-7.92951e-08
4.46318e-08
1.58732e-07
2.19098e-07
2.14728e-07
1.37952e-07
1.52054e-08
-1.00489e-07
-1.64824e-07
-1.56647e-07
-7.91447e-08
4.48961e-08
1.58994e-07
2.19288e-07
2.1477e-07
1.37811e-07
1.49258e-08
-1.0078e-07
-1.6505e-07
-1.56721e-07
-7.90067e-08
4.51722e-08
1.59286e-07
2.19516e-07
2.14846e-07
1.37678e-07
1.46364e-08
-1.01091e-07
-1.65301e-07
-1.56816e-07
-7.88763e-08
4.54574e-08
1.59599e-07
2.19772e-07
2.14942e-07
1.37554e-07
1.43396e-08
-1.01424e-07
-1.65579e-07
-1.56935e-07
-7.87561e-08
4.57495e-08
1.59934e-07
2.20054e-07
2.15062e-07
1.37439e-07
1.40356e-08
-1.01775e-07
-1.65881e-07
-1.57074e-07
-7.86448e-08
4.60485e-08
1.60288e-07
2.20362e-07
2.15203e-07
1.3733e-07
1.3724e-08
-1.02144e-07
-1.66205e-07
-1.57233e-07
-7.85406e-08
4.63548e-08
1.6066e-07
2.20691e-07
2.15362e-07
1.37227e-07
1.34047e-08
-1.02531e-07
-1.6655e-07
-1.57408e-07
-7.84425e-08
4.66687e-08
1.61051e-07
2.21042e-07
2.15538e-07
1.37129e-07
1.30775e-08
-1.02934e-07
-1.66915e-07
-1.57599e-07
-7.83497e-08
4.69903e-08
1.61458e-07
2.21413e-07
2.15729e-07
1.37036e-07
1.27423e-08
-1.03354e-07
-1.67299e-07
-1.57806e-07
-7.8262e-08
4.73197e-08
1.61883e-07
2.21804e-07
2.15936e-07
1.36948e-07
1.23997e-08
-1.03791e-07
-1.67702e-07
-1.58029e-07
-7.81794e-08
4.76566e-08
1.62324e-07
2.22213e-07
2.16158e-07
1.36865e-07
1.20494e-08
-1.04243e-07
-1.68123e-07
-1.58266e-07
-7.81016e-08
4.8001e-08
1.62782e-07
2.22642e-07
2.16395e-07
1.36785e-07
1.16913e-08
-1.04711e-07
-1.68563e-07
-1.58517e-07
-7.80282e-08
4.83532e-08
1.63256e-07
2.23089e-07
2.16645e-07
1.3671e-07
1.13255e-08
-1.05195e-07
-1.69021e-07
-1.58783e-07
-7.79592e-08
4.8713e-08
1.63746e-07
2.23554e-07
2.16909e-07
1.36639e-07
1.09526e-08
-1.05695e-07
-1.69496e-07
-1.59063e-07
-7.78948e-08
4.90801e-08
1.64251e-07
2.24037e-07
2.17187e-07
1.36573e-07
1.05725e-08
-1.06209e-07
-1.69988e-07
-1.59356e-07
-7.78347e-08
4.94544e-08
1.64772e-07
2.24537e-07
2.17479e-07
1.3651e-07
1.0185e-08
-1.06738e-07
-1.70497e-07
-1.59663e-07
-7.77786e-08
4.98361e-08
1.65309e-07
2.25053e-07
2.17783e-07
1.36451e-07
9.79045e-09
-1.07281e-07
-1.71023e-07
-1.59983e-07
-7.77267e-08
5.02248e-08
1.6586e-07
2.25587e-07
2.181e-07
1.36396e-07
9.38939e-09
-1.07839e-07
-1.71564e-07
-1.60316e-07
-7.76793e-08
5.06203e-08
1.66425e-07
2.26136e-07
2.1843e-07
1.36346e-07
8.98201e-09
-1.0841e-07
-1.72122e-07
-1.60662e-07
-7.76363e-08
5.10221e-08
1.67004e-07
2.26702e-07
2.18773e-07
1.363e-07
8.56868e-09
-1.08995e-07
-1.72695e-07
-1.61021e-07
-7.7598e-08
5.143e-08
1.67598e-07
2.27283e-07
2.19128e-07
1.36259e-07
8.14972e-09
-1.09592e-07
-1.73284e-07
-1.61392e-07
-7.75645e-08
5.18438e-08
1.68204e-07
2.2788e-07
2.19496e-07
1.36222e-07
7.72526e-09
-1.10202e-07
-1.73887e-07
-1.61776e-07
-7.75356e-08
5.22632e-08
1.68823e-07
2.28491e-07
2.19875e-07
1.3619e-07
7.29582e-09
-1.10824e-07
-1.74505e-07
-1.62173e-07
-7.75117e-08
5.26877e-08
1.69455e-07
2.29117e-07
2.20267e-07
1.36163e-07
6.86223e-09
-1.11457e-07
-1.75137e-07
-1.62581e-07
-7.74933e-08
5.31166e-08
1.70098e-07
2.29757e-07
2.20671e-07
1.36142e-07
6.4247e-09
-1.12102e-07
-1.75783e-07
-1.63003e-07
-7.74804e-08
5.35496e-08
1.70753e-07
2.30411e-07
2.21086e-07
1.36126e-07
5.98286e-09
-1.12757e-07
-1.76442e-07
-1.63435e-07
-7.74725e-08
5.39872e-08
1.71419e-07
2.31078e-07
2.21513e-07
1.36115e-07
5.53754e-09
-1.13423e-07
-1.77114e-07
-1.6388e-07
-7.74701e-08
5.44286e-08
1.72095e-07
2.31758e-07
2.21952e-07
1.36111e-07
5.09078e-09
-1.14098e-07
-1.77799e-07
-1.64337e-07
-7.7475e-08
5.48716e-08
1.72781e-07
2.32451e-07
2.22403e-07
1.36114e-07
4.64315e-09
-1.14781e-07
-1.78496e-07
-1.64806e-07
-7.74873e-08
5.53157e-08
1.73475e-07
2.33155e-07
2.22866e-07
1.36124e-07
4.19379e-09
-1.15472e-07
-1.79204e-07
-1.65287e-07
-7.75058e-08
5.57619e-08
1.74178e-07
2.33871e-07
2.23339e-07
1.3614e-07
3.74323e-09
-1.16171e-07
-1.79924e-07
-1.65778e-07
-7.7531e-08
5.62096e-08
1.74889e-07
2.34598e-07
2.23824e-07
1.36164e-07
3.29318e-09
-1.16877e-07
-1.80655e-07
-1.66282e-07
-7.7564e-08
5.6657e-08
1.75606e-07
2.35335e-07
2.2432e-07
1.36196e-07
2.84454e-09
-1.17588e-07
-1.81395e-07
-1.66796e-07
-7.76053e-08
5.71033e-08
1.7633e-07
2.36082e-07
2.24826e-07
1.36236e-07
2.39735e-09
-1.18304e-07
-1.82144e-07
-1.67321e-07
-7.76544e-08
5.75485e-08
1.77058e-07
2.36838e-07
2.25344e-07
1.36284e-07
1.95205e-09
-1.19025e-07
-1.82902e-07
-1.67857e-07
-7.77115e-08
5.79921e-08
1.77791e-07
2.37603e-07
2.25871e-07
1.36341e-07
1.50953e-09
-1.19748e-07
-1.83668e-07
-1.68402e-07
-7.77769e-08
5.84332e-08
1.78528e-07
2.38375e-07
2.26408e-07
1.36405e-07
1.07024e-09
-1.20475e-07
-1.8444e-07
-1.68957e-07
-7.78504e-08
5.88714e-08
1.79267e-07
2.39153e-07
2.26954e-07
1.36477e-07
6.34605e-10
-1.21204e-07
-1.85219e-07
-1.6952e-07
-7.7932e-08
5.93062e-08
1.80008e-07
2.39938e-07
2.27508e-07
1.36558e-07
2.03209e-10
-1.21933e-07
-1.86002e-07
-1.70092e-07
-7.80217e-08
5.97372e-08
1.80751e-07
2.40727e-07
2.2807e-07
1.36646e-07
-2.23971e-10
-1.22663e-07
-1.8679e-07
-1.70671e-07
-7.81188e-08
6.01642e-08
1.81494e-07
2.41521e-07
2.2864e-07
1.36741e-07
-6.46658e-10
-1.23393e-07
-1.87582e-07
-1.71256e-07
-7.82232e-08
6.0587e-08
1.82237e-07
2.42318e-07
2.29216e-07
1.36845e-07
-1.06332e-09
-1.2412e-07
-1.88376e-07
-1.71847e-07
-7.83355e-08
6.10041e-08
1.82978e-07
2.43117e-07
2.29797e-07
1.36956e-07
-1.47259e-09
-1.24844e-07
-1.89171e-07
-1.72445e-07
-7.84563e-08
6.14141e-08
1.83715e-07
2.43916e-07
2.30384e-07
1.37076e-07
-1.87435e-09
-1.25564e-07
-1.89965e-07
-1.73047e-07
-7.85849e-08
6.18169e-08
1.84448e-07
2.44715e-07
2.30976e-07
1.37204e-07
-2.26828e-09
-1.26279e-07
-1.90759e-07
-1.73652e-07
-7.87213e-08
6.22122e-08
1.85177e-07
2.45513e-07
2.31571e-07
1.3734e-07
-2.65313e-09
-1.26988e-07
-1.9155e-07
-1.74262e-07
-7.88659e-08
6.25987e-08
1.85899e-07
2.46309e-07
2.3217e-07
1.37484e-07
-3.0284e-09
-1.27689e-07
-1.92339e-07
-1.74875e-07
-7.90188e-08
6.2976e-08
1.86614e-07
2.47102e-07
2.32772e-07
1.37635e-07
-3.39473e-09
-1.28384e-07
-1.93124e-07
-1.75489e-07
-7.91786e-08
6.33445e-08
1.87321e-07
2.47891e-07
2.33375e-07
1.37792e-07
-3.75283e-09
-1.2907e-07
-1.93904e-07
-1.76103e-07
-7.93439e-08
6.37052e-08
1.88022e-07
2.48675e-07
2.33979e-07
1.37953e-07
-4.10377e-09
-1.2975e-07
-1.94679e-07
-1.76716e-07
-7.95129e-08
6.40589e-08
1.88714e-07
2.49452e-07
2.34581e-07
1.38113e-07
-4.45025e-09
-1.30423e-07
-1.95445e-07
-1.77324e-07
-7.96815e-08
6.44083e-08
1.894e-07
2.50222e-07
2.35177e-07
1.38267e-07
-4.79761e-09
-1.31089e-07
-1.96201e-07
-1.77919e-07
-7.98426e-08
6.47584e-08
1.90079e-07
2.5098e-07
2.35761e-07
1.38407e-07
-5.14955e-09
-1.31751e-07
-1.96941e-07
-1.78495e-07
-7.99901e-08
6.51125e-08
1.90752e-07
2.51724e-07
2.36328e-07
1.38537e-07
-5.50074e-09
-1.32402e-07
-1.97663e-07
-1.79052e-07
-8.01263e-08
6.54659e-08
1.91414e-07
2.52448e-07
2.36876e-07
1.38625e-07
-5.86564e-09
-1.33037e-07
-1.98347e-07
-1.79556e-07
-8.02191e-08
6.5834e-08
1.92056e-07
2.53135e-07
2.37373e-07
1.38459e-07
-6.37963e-09
-1.3366e-07
-1.9887e-07
-1.79813e-07
-8.00686e-08
6.6341e-08
1.9269e-07
2.53679e-07
2.37623e-07
1.37812e-07
-7.17029e-09
-1.34216e-07
-1.99025e-07
-1.79578e-07
-7.94737e-08
6.70841e-08
1.93293e-07
2.53886e-07
2.37383e-07
1.38608e-07
1.59626e-08
-9.9964e-08
-1.64649e-07
-1.56915e-07
-7.98195e-08
4.41579e-08
1.58491e-07
2.19109e-07
2.15015e-07
1.38314e-07
1.5728e-08
-1.00032e-07
-1.64553e-07
-1.56671e-07
-7.95078e-08
4.43783e-08
1.58541e-07
2.19013e-07
2.14788e-07
1.38104e-07
1.54719e-08
-1.00227e-07
-1.64636e-07
-1.56605e-07
-7.92961e-08
4.46311e-08
1.58731e-07
2.19097e-07
2.14726e-07
1.37951e-07
1.52053e-08
-1.00489e-07
-1.64824e-07
-1.56646e-07
-7.91457e-08
4.48954e-08
1.58993e-07
2.19287e-07
2.14769e-07
1.37811e-07
1.49257e-08
-1.00779e-07
-1.65049e-07
-1.5672e-07
-7.90078e-08
4.51715e-08
1.59285e-07
2.19516e-07
2.14844e-07
1.37677e-07
1.46363e-08
-1.01091e-07
-1.65301e-07
-1.56815e-07
-7.88774e-08
4.54567e-08
1.59599e-07
2.19772e-07
2.14941e-07
1.37553e-07
1.43396e-08
-1.01423e-07
-1.65579e-07
-1.56934e-07
-7.87572e-08
4.57487e-08
1.59933e-07
2.20054e-07
2.15061e-07
1.37438e-07
1.40356e-08
-1.01774e-07
-1.65881e-07
-1.57074e-07
-7.8646e-08
4.60477e-08
1.60287e-07
2.20361e-07
2.15201e-07
1.37329e-07
1.37241e-08
-1.02143e-07
-1.66205e-07
-1.57232e-07
-7.85418e-08
4.6354e-08
1.6066e-07
2.20691e-07
2.1536e-07
1.37226e-07
1.34048e-08
-1.0253e-07
-1.6655e-07
-1.57407e-07
-7.84437e-08
4.66679e-08
1.6105e-07
2.21042e-07
2.15536e-07
1.37129e-07
1.30776e-08
-1.02933e-07
-1.66914e-07
-1.57598e-07
-7.8351e-08
4.69895e-08
1.61458e-07
2.21413e-07
2.15728e-07
1.37036e-07
1.27425e-08
-1.03353e-07
-1.67298e-07
-1.57805e-07
-7.82633e-08
4.73188e-08
1.61882e-07
2.21803e-07
2.15935e-07
1.36948e-07
1.23999e-08
-1.0379e-07
-1.67701e-07
-1.58028e-07
-7.81807e-08
4.76557e-08
1.62324e-07
2.22213e-07
2.16157e-07
1.36864e-07
1.20497e-08
-1.04242e-07
-1.68123e-07
-1.58265e-07
-7.8103e-08
4.80001e-08
1.62781e-07
2.22642e-07
2.16393e-07
1.36785e-07
1.16916e-08
-1.0471e-07
-1.68563e-07
-1.58516e-07
-7.80295e-08
4.83522e-08
1.63255e-07
2.23089e-07
2.16644e-07
1.3671e-07
1.1326e-08
-1.05194e-07
-1.6902e-07
-1.58782e-07
-7.79605e-08
4.8712e-08
1.63745e-07
2.23554e-07
2.16908e-07
1.36639e-07
1.09531e-08
-1.05693e-07
-1.69495e-07
-1.59062e-07
-7.78962e-08
4.9079e-08
1.64251e-07
2.24036e-07
2.17186e-07
1.36572e-07
1.05731e-08
-1.06207e-07
-1.69987e-07
-1.59355e-07
-7.78361e-08
4.94532e-08
1.64771e-07
2.24536e-07
2.17477e-07
1.36509e-07
1.01856e-08
-1.06736e-07
-1.70496e-07
-1.59662e-07
-7.778e-08
4.98348e-08
1.65308e-07
2.25053e-07
2.17782e-07
1.3645e-07
9.79126e-09
-1.0728e-07
-1.71022e-07
-1.59982e-07
-7.77281e-08
5.02235e-08
1.65858e-07
2.25586e-07
2.18099e-07
1.36396e-07
9.39031e-09
-1.07837e-07
-1.71564e-07
-1.60315e-07
-7.76808e-08
5.06189e-08
1.66424e-07
2.26136e-07
2.18429e-07
1.36346e-07
8.98306e-09
-1.08408e-07
-1.72121e-07
-1.60661e-07
-7.76378e-08
5.10206e-08
1.67003e-07
2.26701e-07
2.18771e-07
1.363e-07
8.56986e-09
-1.08993e-07
-1.72694e-07
-1.6102e-07
-7.75996e-08
5.14285e-08
1.67596e-07
2.27283e-07
2.19127e-07
1.36259e-07
8.15103e-09
-1.0959e-07
-1.73283e-07
-1.61391e-07
-7.75661e-08
5.18421e-08
1.68202e-07
2.27879e-07
2.19494e-07
1.36222e-07
7.72671e-09
-1.102e-07
-1.73886e-07
-1.61775e-07
-7.75372e-08
5.22613e-08
1.68821e-07
2.2849e-07
2.19874e-07
1.3619e-07
7.29742e-09
-1.10822e-07
-1.74504e-07
-1.62172e-07
-7.75134e-08
5.26858e-08
1.69453e-07
2.29116e-07
2.20265e-07
1.36163e-07
6.86399e-09
-1.11455e-07
-1.75136e-07
-1.62581e-07
-7.74951e-08
5.31145e-08
1.70096e-07
2.29756e-07
2.20669e-07
1.36142e-07
6.42661e-09
-1.12099e-07
-1.75781e-07
-1.63002e-07
-7.74822e-08
5.35475e-08
1.70751e-07
2.3041e-07
2.21085e-07
1.36126e-07
5.98493e-09
-1.12755e-07
-1.7644e-07
-1.63434e-07
-7.74744e-08
5.39849e-08
1.71416e-07
2.31076e-07
2.21512e-07
1.36115e-07
5.53976e-09
-1.1342e-07
-1.77113e-07
-1.63879e-07
-7.74721e-08
5.44261e-08
1.72093e-07
2.31756e-07
2.21951e-07
1.36111e-07
5.09316e-09
-1.14095e-07
-1.77797e-07
-1.64336e-07
-7.7477e-08
5.4869e-08
1.72779e-07
2.32449e-07
2.22401e-07
1.36115e-07
4.64569e-09
-1.14778e-07
-1.78494e-07
-1.64805e-07
-7.74894e-08
5.5313e-08
1.73473e-07
2.33153e-07
2.22864e-07
1.36124e-07
4.19649e-09
-1.15469e-07
-1.79203e-07
-1.65286e-07
-7.7508e-08
5.57591e-08
1.74175e-07
2.33869e-07
2.23338e-07
1.36141e-07
3.74609e-09
-1.16168e-07
-1.79922e-07
-1.65778e-07
-7.75332e-08
5.62066e-08
1.74886e-07
2.34596e-07
2.23822e-07
1.36165e-07
3.29619e-09
-1.16873e-07
-1.80652e-07
-1.66281e-07
-7.75663e-08
5.66539e-08
1.75603e-07
2.35333e-07
2.24318e-07
1.36197e-07
2.8477e-09
-1.17584e-07
-1.81392e-07
-1.66795e-07
-7.76076e-08
5.71001e-08
1.76326e-07
2.3608e-07
2.24825e-07
1.36237e-07
2.40066e-09
-1.183e-07
-1.82142e-07
-1.6732e-07
-7.76568e-08
5.75451e-08
1.77055e-07
2.36836e-07
2.25342e-07
1.36285e-07
1.95551e-09
-1.1902e-07
-1.829e-07
-1.67856e-07
-7.7714e-08
5.79886e-08
1.77788e-07
2.376e-07
2.25869e-07
1.36341e-07
1.51312e-09
-1.19744e-07
-1.83665e-07
-1.68401e-07
-7.77794e-08
5.84296e-08
1.78524e-07
2.38372e-07
2.26406e-07
1.36406e-07
1.07397e-09
-1.20471e-07
-1.84438e-07
-1.68956e-07
-7.7853e-08
5.88677e-08
1.79263e-07
2.39151e-07
2.26952e-07
1.36478e-07
6.38466e-10
-1.21199e-07
-1.85216e-07
-1.69519e-07
-7.79346e-08
5.93025e-08
1.80004e-07
2.39935e-07
2.27506e-07
1.36559e-07
2.07197e-10
-1.21928e-07
-1.86e-07
-1.70091e-07
-7.80243e-08
5.97333e-08
1.80747e-07
2.40725e-07
2.28069e-07
1.36647e-07
-2.1986e-10
-1.22658e-07
-1.86788e-07
-1.70669e-07
-7.81215e-08
6.01602e-08
1.8149e-07
2.41518e-07
2.28638e-07
1.36742e-07
-6.42427e-10
-1.23388e-07
-1.87579e-07
-1.71255e-07
-7.82259e-08
6.0583e-08
1.82232e-07
2.42315e-07
2.29214e-07
1.36846e-07
-1.05897e-09
-1.24115e-07
-1.88373e-07
-1.71846e-07
-7.83383e-08
6.1e-08
1.82973e-07
2.43114e-07
2.29796e-07
1.36958e-07
-1.46813e-09
-1.24839e-07
-1.89168e-07
-1.72444e-07
-7.8459e-08
6.14099e-08
1.83711e-07
2.43913e-07
2.30383e-07
1.37078e-07
-1.86978e-09
-1.25559e-07
-1.89962e-07
-1.73045e-07
-7.85878e-08
6.18127e-08
1.84444e-07
2.44712e-07
2.30974e-07
1.37205e-07
-2.26361e-09
-1.26274e-07
-1.90755e-07
-1.73651e-07
-7.87241e-08
6.22079e-08
1.85172e-07
2.4551e-07
2.3157e-07
1.37341e-07
-2.64837e-09
-1.26983e-07
-1.91547e-07
-1.74261e-07
-7.88688e-08
6.25943e-08
1.85894e-07
2.46306e-07
2.32169e-07
1.37485e-07
-3.02354e-09
-1.27684e-07
-1.92336e-07
-1.74874e-07
-7.90217e-08
6.29715e-08
1.86609e-07
2.47099e-07
2.3277e-07
1.37636e-07
-3.38979e-09
-1.28378e-07
-1.93121e-07
-1.75488e-07
-7.91815e-08
6.334e-08
1.87317e-07
2.47888e-07
2.33374e-07
1.37793e-07
-3.7478e-09
-1.29065e-07
-1.93901e-07
-1.76102e-07
-7.93468e-08
6.37006e-08
1.88017e-07
2.48671e-07
2.33977e-07
1.37954e-07
-4.09866e-09
-1.29745e-07
-1.94675e-07
-1.76715e-07
-7.95159e-08
6.40543e-08
1.88709e-07
2.49449e-07
2.34579e-07
1.38115e-07
-4.44508e-09
-1.30417e-07
-1.95442e-07
-1.77323e-07
-7.96845e-08
6.44036e-08
1.89395e-07
2.50219e-07
2.35175e-07
1.38268e-07
-4.79237e-09
-1.31084e-07
-1.96197e-07
-1.77917e-07
-7.98456e-08
6.47537e-08
1.90074e-07
2.50977e-07
2.3576e-07
1.38409e-07
-5.14425e-09
-1.31745e-07
-1.96937e-07
-1.78494e-07
-7.99932e-08
6.51077e-08
1.90747e-07
2.5172e-07
2.36326e-07
1.38539e-07
-5.49539e-09
-1.32396e-07
-1.9766e-07
-1.79051e-07
-8.01294e-08
6.54611e-08
1.91408e-07
2.52445e-07
2.36875e-07
1.38627e-07
-5.86025e-09
-1.33031e-07
-1.98343e-07
-1.79555e-07
-8.02223e-08
6.58291e-08
1.92051e-07
2.53132e-07
2.37371e-07
1.38461e-07
-6.37418e-09
-1.33654e-07
-1.98867e-07
-1.79812e-07
-8.00718e-08
6.63361e-08
1.92685e-07
2.53676e-07
2.37622e-07
1.37814e-07
-7.1648e-09
-1.3421e-07
-1.99022e-07
-1.79577e-07
-7.94769e-08
6.70792e-08
1.93288e-07
2.53883e-07
2.37382e-07
1.38447e-07
1.58489e-08
-9.9994e-08
-1.64746e-07
-1.56659e-07
-7.93699e-08
4.50316e-08
1.58192e-07
2.18165e-07
2.15082e-07
1.38146e-07
1.56107e-08
-1.00063e-07
-1.64652e-07
-1.56416e-07
-7.90615e-08
4.52497e-08
1.58257e-07
2.18087e-07
2.14844e-07
1.37932e-07
1.53533e-08
-1.00259e-07
-1.64736e-07
-1.56349e-07
-7.88525e-08
4.5479e-08
1.58459e-07
2.18197e-07
2.14776e-07
1.37776e-07
1.50858e-08
-1.00521e-07
-1.64924e-07
-1.5639e-07
-7.87043e-08
4.57183e-08
1.58728e-07
2.18414e-07
2.14815e-07
1.37633e-07
1.48052e-08
-1.00812e-07
-1.6515e-07
-1.56464e-07
-7.85687e-08
4.59704e-08
1.59027e-07
2.18669e-07
2.14888e-07
1.37497e-07
1.4515e-08
-1.01124e-07
-1.65402e-07
-1.56559e-07
-7.84406e-08
4.62316e-08
1.59346e-07
2.18951e-07
2.14982e-07
1.37371e-07
1.42176e-08
-1.01457e-07
-1.6568e-07
-1.56677e-07
-7.83227e-08
4.64997e-08
1.59687e-07
2.1926e-07
2.15099e-07
1.37253e-07
1.39131e-08
-1.01808e-07
-1.65983e-07
-1.56816e-07
-7.82137e-08
4.6775e-08
1.60047e-07
2.19593e-07
2.15238e-07
1.37142e-07
1.36009e-08
-1.02178e-07
-1.66308e-07
-1.56974e-07
-7.81118e-08
4.70581e-08
1.60425e-07
2.19948e-07
2.15394e-07
1.37037e-07
1.32811e-08
-1.02564e-07
-1.66653e-07
-1.57148e-07
-7.8016e-08
4.73493e-08
1.60821e-07
2.20323e-07
2.15568e-07
1.36937e-07
1.29533e-08
-1.02968e-07
-1.67018e-07
-1.57339e-07
-7.79254e-08
4.76487e-08
1.61234e-07
2.20718e-07
2.15757e-07
1.36842e-07
1.26177e-08
-1.03388e-07
-1.67403e-07
-1.57545e-07
-7.78399e-08
4.79565e-08
1.61664e-07
2.21132e-07
2.15961e-07
1.36751e-07
1.22745e-08
-1.03825e-07
-1.67807e-07
-1.57766e-07
-7.77594e-08
4.82723e-08
1.62111e-07
2.21565e-07
2.16181e-07
1.36665e-07
1.19237e-08
-1.04277e-07
-1.68229e-07
-1.58002e-07
-7.76836e-08
4.85963e-08
1.62574e-07
2.22015e-07
2.16415e-07
1.36583e-07
1.1565e-08
-1.04746e-07
-1.68669e-07
-1.58253e-07
-7.76122e-08
4.89287e-08
1.63053e-07
2.22484e-07
2.16664e-07
1.36506e-07
1.11988e-08
-1.0523e-07
-1.69128e-07
-1.58517e-07
-7.75452e-08
4.92692e-08
1.63548e-07
2.2297e-07
2.16926e-07
1.36433e-07
1.08253e-08
-1.05729e-07
-1.69603e-07
-1.58796e-07
-7.74827e-08
4.96175e-08
1.64059e-07
2.23473e-07
2.17202e-07
1.36364e-07
1.04446e-08
-1.06243e-07
-1.70096e-07
-1.59088e-07
-7.74244e-08
4.99736e-08
1.64585e-07
2.23992e-07
2.17492e-07
1.36298e-07
1.00566e-08
-1.06772e-07
-1.70606e-07
-1.59394e-07
-7.737e-08
5.03377e-08
1.65126e-07
2.24528e-07
2.17794e-07
1.36237e-07
9.66153e-09
-1.07316e-07
-1.71133e-07
-1.59713e-07
-7.73197e-08
5.07094e-08
1.65681e-07
2.2508e-07
2.1811e-07
1.3618e-07
9.25995e-09
-1.07874e-07
-1.71675e-07
-1.60045e-07
-7.72738e-08
5.10883e-08
1.66251e-07
2.25648e-07
2.18438e-07
1.36127e-07
8.85205e-09
-1.08445e-07
-1.72234e-07
-1.60389e-07
-7.72323e-08
5.14741e-08
1.66835e-07
2.26231e-07
2.18779e-07
1.36079e-07
8.43822e-09
-1.0903e-07
-1.72808e-07
-1.60747e-07
-7.71954e-08
5.18665e-08
1.67432e-07
2.26829e-07
2.19133e-07
1.36036e-07
8.01877e-09
-1.09627e-07
-1.73398e-07
-1.61117e-07
-7.71632e-08
5.22652e-08
1.68043e-07
2.27441e-07
2.19499e-07
1.35996e-07
7.59384e-09
-1.10237e-07
-1.74002e-07
-1.615e-07
-7.71355e-08
5.267e-08
1.68666e-07
2.28069e-07
2.19877e-07
1.35962e-07
7.16397e-09
-1.1086e-07
-1.74621e-07
-1.61895e-07
-7.71127e-08
5.30805e-08
1.69301e-07
2.2871e-07
2.20268e-07
1.35933e-07
6.72996e-09
-1.11493e-07
-1.75254e-07
-1.62303e-07
-7.70953e-08
5.34959e-08
1.69948e-07
2.29364e-07
2.20671e-07
1.3591e-07
6.29202e-09
-1.12138e-07
-1.75901e-07
-1.62722e-07
-7.70834e-08
5.39159e-08
1.70607e-07
2.30032e-07
2.21085e-07
1.35891e-07
5.84982e-09
-1.12793e-07
-1.76561e-07
-1.63153e-07
-7.70762e-08
5.43409e-08
1.71276e-07
2.30712e-07
2.21511e-07
1.35878e-07
5.40416e-09
-1.13459e-07
-1.77234e-07
-1.63597e-07
-7.70746e-08
5.47701e-08
1.71956e-07
2.31405e-07
2.21949e-07
1.35872e-07
4.95708e-09
-1.14134e-07
-1.7792e-07
-1.64052e-07
-7.70801e-08
5.52015e-08
1.72644e-07
2.3211e-07
2.22399e-07
1.35873e-07
4.50915e-09
-1.14817e-07
-1.78618e-07
-1.6452e-07
-7.70929e-08
5.56344e-08
1.73341e-07
2.32827e-07
2.22861e-07
1.35881e-07
4.05951e-09
-1.15508e-07
-1.79328e-07
-1.64999e-07
-7.71118e-08
5.60699e-08
1.74047e-07
2.33554e-07
2.23333e-07
1.35895e-07
3.60869e-09
-1.16207e-07
-1.80049e-07
-1.65489e-07
-7.71373e-08
5.65073e-08
1.7476e-07
2.34292e-07
2.23817e-07
1.35917e-07
3.15839e-09
-1.16913e-07
-1.8078e-07
-1.65991e-07
-7.71704e-08
5.6945e-08
1.7548e-07
2.3504e-07
2.24312e-07
1.35947e-07
2.70951e-09
-1.17624e-07
-1.81521e-07
-1.66504e-07
-7.72118e-08
5.7382e-08
1.76206e-07
2.35796e-07
2.24819e-07
1.35985e-07
2.26208e-09
-1.1834e-07
-1.82272e-07
-1.67028e-07
-7.72611e-08
5.78184e-08
1.76936e-07
2.36562e-07
2.25335e-07
1.36031e-07
1.81654e-09
-1.19061e-07
-1.83031e-07
-1.67561e-07
-7.73183e-08
5.82536e-08
1.77671e-07
2.37335e-07
2.25862e-07
1.36085e-07
1.37376e-09
-1.19785e-07
-1.83798e-07
-1.68105e-07
-7.73836e-08
5.86868e-08
1.7841e-07
2.38115e-07
2.26398e-07
1.36147e-07
9.34204e-10
-1.20511e-07
-1.84571e-07
-1.68658e-07
-7.7457e-08
5.91175e-08
1.79151e-07
2.38902e-07
2.26943e-07
1.36218e-07
4.98282e-10
-1.2124e-07
-1.85351e-07
-1.6922e-07
-7.75384e-08
5.95454e-08
1.79894e-07
2.39694e-07
2.27497e-07
1.36296e-07
6.65792e-11
-1.21969e-07
-1.86136e-07
-1.69791e-07
-7.76277e-08
5.99698e-08
1.80638e-07
2.4049e-07
2.28059e-07
1.36383e-07
-3.60933e-10
-1.22699e-07
-1.86925e-07
-1.70368e-07
-7.77245e-08
6.03907e-08
1.81382e-07
2.41291e-07
2.28628e-07
1.36476e-07
-7.83981e-10
-1.23429e-07
-1.87717e-07
-1.70952e-07
-7.78285e-08
6.08078e-08
1.82127e-07
2.42094e-07
2.29204e-07
1.36578e-07
-1.20103e-09
-1.24157e-07
-1.88512e-07
-1.71542e-07
-7.79403e-08
6.12197e-08
1.82869e-07
2.42898e-07
2.29785e-07
1.36688e-07
-1.61073e-09
-1.24881e-07
-1.89308e-07
-1.72138e-07
-7.80607e-08
6.16249e-08
1.83608e-07
2.43703e-07
2.30372e-07
1.36806e-07
-2.01293e-09
-1.25601e-07
-1.90103e-07
-1.72739e-07
-7.81889e-08
6.20233e-08
1.84342e-07
2.44507e-07
2.30963e-07
1.36932e-07
-2.40733e-09
-1.26316e-07
-1.90897e-07
-1.73344e-07
-7.83247e-08
6.24145e-08
1.85072e-07
2.4531e-07
2.31558e-07
1.37067e-07
-2.79267e-09
-1.27025e-07
-1.9169e-07
-1.73953e-07
-7.84689e-08
6.27974e-08
1.85795e-07
2.4611e-07
2.32156e-07
1.37209e-07
-3.16844e-09
-1.27727e-07
-1.92479e-07
-1.74564e-07
-7.86213e-08
6.31714e-08
1.86511e-07
2.46907e-07
2.32758e-07
1.37359e-07
-3.53528e-09
-1.28421e-07
-1.93265e-07
-1.75178e-07
-7.87806e-08
6.35371e-08
1.8722e-07
2.47699e-07
2.33361e-07
1.37515e-07
-3.89389e-09
-1.29108e-07
-1.94046e-07
-1.75792e-07
-7.89455e-08
6.38952e-08
1.87921e-07
2.48486e-07
2.33964e-07
1.37675e-07
-4.24535e-09
-1.29788e-07
-1.94821e-07
-1.76404e-07
-7.91142e-08
6.42468e-08
1.88615e-07
2.49267e-07
2.34566e-07
1.37835e-07
-4.59235e-09
-1.30461e-07
-1.95588e-07
-1.77011e-07
-7.92825e-08
6.45945e-08
1.89301e-07
2.50039e-07
2.35162e-07
1.37988e-07
-4.94021e-09
-1.31128e-07
-1.96344e-07
-1.77606e-07
-7.94433e-08
6.49431e-08
1.89981e-07
2.50799e-07
2.35746e-07
1.38128e-07
-5.29265e-09
-1.3179e-07
-1.97084e-07
-1.78183e-07
-7.95907e-08
6.52961e-08
1.90655e-07
2.51544e-07
2.36313e-07
1.38257e-07
-5.64431e-09
-1.32441e-07
-1.97807e-07
-1.7874e-07
-7.97268e-08
6.56488e-08
1.91317e-07
2.5227e-07
2.36861e-07
1.38345e-07
-6.00965e-09
-1.33077e-07
-1.98491e-07
-1.79244e-07
-7.98197e-08
6.60164e-08
1.91961e-07
2.52958e-07
2.37358e-07
1.38179e-07
-6.52406e-09
-1.337e-07
-1.99015e-07
-1.79501e-07
-7.96694e-08
6.65234e-08
1.92595e-07
2.53503e-07
2.37608e-07
1.37532e-07
-7.31518e-09
-1.34257e-07
-1.9917e-07
-1.79266e-07
-7.90746e-08
6.72669e-08
1.932e-07
2.5371e-07
2.37368e-07
1.38292e-07
1.56878e-08
-1.00276e-07
-1.65122e-07
-1.56463e-07
-7.88745e-08
4.52321e-08
1.58116e-07
2.18221e-07
2.15212e-07
1.37992e-07
1.54501e-08
-1.00344e-07
-1.65026e-07
-1.5622e-07
-7.85669e-08
4.54495e-08
1.58181e-07
2.18142e-07
2.14974e-07
1.37779e-07
1.51929e-08
-1.0054e-07
-1.6511e-07
-1.56154e-07
-7.83586e-08
4.56784e-08
1.58382e-07
2.18251e-07
2.14907e-07
1.37623e-07
1.49254e-08
-1.00802e-07
-1.65297e-07
-1.56195e-07
-7.82111e-08
4.59172e-08
1.58651e-07
2.18468e-07
2.14946e-07
1.3748e-07
1.46449e-08
-1.01093e-07
-1.65523e-07
-1.56268e-07
-7.80762e-08
4.61685e-08
1.5895e-07
2.18724e-07
2.15019e-07
1.37345e-07
1.43547e-08
-1.01405e-07
-1.65774e-07
-1.56362e-07
-7.7949e-08
4.64287e-08
1.59269e-07
2.19006e-07
2.15113e-07
1.37219e-07
1.40573e-08
-1.01738e-07
-1.66051e-07
-1.56479e-07
-7.7832e-08
4.66956e-08
1.5961e-07
2.19314e-07
2.1523e-07
1.37102e-07
1.37528e-08
-1.0209e-07
-1.66352e-07
-1.56617e-07
-7.77242e-08
4.69695e-08
1.5997e-07
2.19647e-07
2.15368e-07
1.36991e-07
1.34407e-08
-1.02459e-07
-1.66676e-07
-1.56773e-07
-7.76234e-08
4.72511e-08
1.60348e-07
2.20001e-07
2.15524e-07
1.36886e-07
1.31208e-08
-1.02846e-07
-1.6702e-07
-1.56946e-07
-7.75287e-08
4.75405e-08
1.60744e-07
2.20377e-07
2.15697e-07
1.36786e-07
1.27931e-08
-1.0325e-07
-1.67383e-07
-1.57135e-07
-7.74394e-08
4.7838e-08
1.61158e-07
2.20771e-07
2.15886e-07
1.36691e-07
1.24575e-08
-1.03671e-07
-1.67766e-07
-1.57339e-07
-7.73552e-08
4.81437e-08
1.61588e-07
2.21185e-07
2.1609e-07
1.36601e-07
1.21144e-08
-1.04108e-07
-1.68168e-07
-1.57557e-07
-7.72761e-08
4.84573e-08
1.62035e-07
2.21617e-07
2.16309e-07
1.36515e-07
1.17636e-08
-1.04561e-07
-1.68589e-07
-1.57791e-07
-7.72017e-08
4.87788e-08
1.62498e-07
2.22068e-07
2.16542e-07
1.36433e-07
1.1405e-08
-1.0503e-07
-1.69027e-07
-1.58038e-07
-7.71318e-08
4.91087e-08
1.62978e-07
2.22536e-07
2.16789e-07
1.36356e-07
1.10389e-08
-1.05514e-07
-1.69483e-07
-1.583e-07
-7.70662e-08
4.94465e-08
1.63474e-07
2.23021e-07
2.1705e-07
1.36283e-07
1.06655e-08
-1.06014e-07
-1.69957e-07
-1.58575e-07
-7.70052e-08
4.9792e-08
1.63985e-07
2.23524e-07
2.17325e-07
1.36214e-07
1.02848e-08
-1.06529e-07
-1.70448e-07
-1.58864e-07
-7.69484e-08
5.01453e-08
1.64511e-07
2.24043e-07
2.17614e-07
1.36148e-07
9.89684e-09
-1.07059e-07
-1.70956e-07
-1.59166e-07
-7.68956e-08
5.05064e-08
1.65053e-07
2.24579e-07
2.17915e-07
1.36087e-07
9.50185e-09
-1.07603e-07
-1.7148e-07
-1.59481e-07
-7.68469e-08
5.0875e-08
1.65609e-07
2.2513e-07
2.18229e-07
1.3603e-07
9.10032e-09
-1.08161e-07
-1.72021e-07
-1.59809e-07
-7.68025e-08
5.12507e-08
1.6618e-07
2.25698e-07
2.18556e-07
1.35977e-07
8.69248e-09
-1.08734e-07
-1.72577e-07
-1.60149e-07
-7.67626e-08
5.16333e-08
1.66764e-07
2.2628e-07
2.18895e-07
1.35929e-07
8.27869e-09
-1.09319e-07
-1.73149e-07
-1.60502e-07
-7.67272e-08
5.20224e-08
1.67362e-07
2.26878e-07
2.19247e-07
1.35885e-07
7.85928e-09
-1.09917e-07
-1.73736e-07
-1.60868e-07
-7.66964e-08
5.24178e-08
1.67973e-07
2.27491e-07
2.19612e-07
1.35846e-07
7.43439e-09
-1.10528e-07
-1.74338e-07
-1.61246e-07
-7.66702e-08
5.28193e-08
1.68597e-07
2.28117e-07
2.19989e-07
1.35811e-07
7.00454e-09
-1.11152e-07
-1.74955e-07
-1.61637e-07
-7.66489e-08
5.32263e-08
1.69233e-07
2.28758e-07
2.20378e-07
1.35782e-07
6.57056e-09
-1.11786e-07
-1.75585e-07
-1.6204e-07
-7.66331e-08
5.36382e-08
1.69881e-07
2.29412e-07
2.20779e-07
1.35759e-07
6.13264e-09
-1.12432e-07
-1.7623e-07
-1.62454e-07
-7.66226e-08
5.40547e-08
1.7054e-07
2.3008e-07
2.21192e-07
1.3574e-07
5.69045e-09
-1.13088e-07
-1.76888e-07
-1.62881e-07
-7.6617e-08
5.44761e-08
1.7121e-07
2.3076e-07
2.21616e-07
1.35727e-07
5.2448e-09
-1.13755e-07
-1.77559e-07
-1.63319e-07
-7.66168e-08
5.49017e-08
1.71891e-07
2.31453e-07
2.22052e-07
1.35721e-07
4.79771e-09
-1.14431e-07
-1.78243e-07
-1.6377e-07
-7.66238e-08
5.53296e-08
1.7258e-07
2.32158e-07
2.22501e-07
1.35722e-07
4.34976e-09
-1.15115e-07
-1.78939e-07
-1.64232e-07
-7.6638e-08
5.5759e-08
1.73278e-07
2.32874e-07
2.22961e-07
1.35729e-07
3.90009e-09
-1.15808e-07
-1.79646e-07
-1.64706e-07
-7.66584e-08
5.61909e-08
1.73984e-07
2.33601e-07
2.23432e-07
1.35744e-07
3.44924e-09
-1.16508e-07
-1.80365e-07
-1.65191e-07
-7.66853e-08
5.66248e-08
1.74698e-07
2.34338e-07
2.23915e-07
1.35766e-07
2.99888e-09
-1.17215e-07
-1.81095e-07
-1.65688e-07
-7.67199e-08
5.7059e-08
1.75418e-07
2.35086e-07
2.24408e-07
1.35796e-07
2.54993e-09
-1.17928e-07
-1.81834e-07
-1.66196e-07
-7.67624e-08
5.74926e-08
1.76144e-07
2.35843e-07
2.24913e-07
1.35834e-07
2.10242e-09
-1.18645e-07
-1.82582e-07
-1.66714e-07
-7.68127e-08
5.79256e-08
1.76875e-07
2.36608e-07
2.25428e-07
1.3588e-07
1.65677e-09
-1.19367e-07
-1.83339e-07
-1.67243e-07
-7.68706e-08
5.83575e-08
1.77611e-07
2.37381e-07
2.25953e-07
1.35934e-07
1.21387e-09
-1.20093e-07
-1.84104e-07
-1.67782e-07
-7.69367e-08
5.87875e-08
1.7835e-07
2.38161e-07
2.26488e-07
1.35996e-07
7.74181e-10
-1.20821e-07
-1.84876e-07
-1.6833e-07
-7.70107e-08
5.92151e-08
1.79092e-07
2.38947e-07
2.27032e-07
1.36066e-07
3.38098e-10
-1.21551e-07
-1.85654e-07
-1.68887e-07
-7.70927e-08
5.964e-08
1.79836e-07
2.39739e-07
2.27585e-07
1.36144e-07
-9.37782e-11
-1.22282e-07
-1.86438e-07
-1.69452e-07
-7.71825e-08
6.00615e-08
1.8058e-07
2.40536e-07
2.28145e-07
1.3623e-07
-5.21471e-10
-1.23013e-07
-1.87225e-07
-1.70025e-07
-7.72797e-08
6.04796e-08
1.81325e-07
2.41336e-07
2.28713e-07
1.36323e-07
-9.44699e-10
-1.23745e-07
-1.88017e-07
-1.70604e-07
-7.73839e-08
6.08941e-08
1.8207e-07
2.42139e-07
2.29287e-07
1.36424e-07
-1.36192e-09
-1.24474e-07
-1.8881e-07
-1.7119e-07
-7.7496e-08
6.13033e-08
1.82813e-07
2.42943e-07
2.29867e-07
1.36534e-07
-1.77177e-09
-1.252e-07
-1.89605e-07
-1.71781e-07
-7.76164e-08
6.17061e-08
1.83553e-07
2.43748e-07
2.30452e-07
1.36652e-07
-2.1741e-09
-1.25921e-07
-1.90399e-07
-1.72377e-07
-7.77447e-08
6.21021e-08
1.84288e-07
2.44552e-07
2.31042e-07
1.36777e-07
-2.5686e-09
-1.26638e-07
-1.91192e-07
-1.72978e-07
-7.78805e-08
6.24911e-08
1.85018e-07
2.45355e-07
2.31636e-07
1.36911e-07
-2.95399e-09
-1.27348e-07
-1.91984e-07
-1.73582e-07
-7.80247e-08
6.28719e-08
1.85742e-07
2.46155e-07
2.32233e-07
1.37053e-07
-3.32976e-09
-1.28051e-07
-1.92773e-07
-1.7419e-07
-7.8177e-08
6.32438e-08
1.86459e-07
2.46952e-07
2.32833e-07
1.37202e-07
-3.69653e-09
-1.28747e-07
-1.93558e-07
-1.748e-07
-7.83363e-08
6.36076e-08
1.87168e-07
2.47744e-07
2.33435e-07
1.37357e-07
-4.05502e-09
-1.29435e-07
-1.94338e-07
-1.75411e-07
-7.85012e-08
6.39639e-08
1.8787e-07
2.48531e-07
2.34037e-07
1.37517e-07
-4.40628e-09
-1.30116e-07
-1.95113e-07
-1.7602e-07
-7.86698e-08
6.43137e-08
1.88564e-07
2.49312e-07
2.34638e-07
1.37676e-07
-4.75302e-09
-1.3079e-07
-1.9588e-07
-1.76623e-07
-7.88381e-08
6.46597e-08
1.89251e-07
2.50084e-07
2.35233e-07
1.37828e-07
-5.10056e-09
-1.31458e-07
-1.96636e-07
-1.77216e-07
-7.89989e-08
6.50069e-08
1.89932e-07
2.50845e-07
2.35817e-07
1.37967e-07
-5.45263e-09
-1.3212e-07
-1.97376e-07
-1.7779e-07
-7.91463e-08
6.53585e-08
1.90606e-07
2.5159e-07
2.36383e-07
1.38097e-07
-5.8039e-09
-1.32773e-07
-1.98099e-07
-1.78345e-07
-7.92824e-08
6.571e-08
1.91269e-07
2.52317e-07
2.3693e-07
1.38184e-07
-6.16886e-09
-1.33408e-07
-1.98783e-07
-1.78848e-07
-7.93754e-08
6.60766e-08
1.91913e-07
2.53005e-07
2.37427e-07
1.38017e-07
-6.683e-09
-1.34032e-07
-1.99308e-07
-1.79104e-07
-7.92253e-08
6.6583e-08
1.92548e-07
2.5355e-07
2.37677e-07
1.37371e-07
-7.47396e-09
-1.34589e-07
-1.99463e-07
-1.78869e-07
-7.8631e-08
6.73262e-08
1.93153e-07
2.53758e-07
2.37437e-07
1.37512e-07
1.5322e-08
-1.00387e-07
-1.65478e-07
-1.55778e-07
-7.81239e-08
4.4216e-08
1.58096e-07
2.19437e-07
2.15184e-07
1.3722e-07
1.50912e-08
-1.00453e-07
-1.65381e-07
-1.55534e-07
-7.78149e-08
4.44333e-08
1.58144e-07
2.19339e-07
2.14957e-07
1.37011e-07
1.48372e-08
-1.00647e-07
-1.65463e-07
-1.55467e-07
-7.76052e-08
4.46841e-08
1.58333e-07
2.19423e-07
2.14896e-07
1.36858e-07
1.45726e-08
-1.00907e-07
-1.6565e-07
-1.55506e-07
-7.7456e-08
4.49464e-08
1.58595e-07
2.19611e-07
2.14937e-07
1.36716e-07
1.42952e-08
-1.01195e-07
-1.65875e-07
-1.55576e-07
-7.73189e-08
4.52205e-08
1.58887e-07
2.19838e-07
2.15011e-07
1.36582e-07
1.40079e-08
-1.01506e-07
-1.66126e-07
-1.55668e-07
-7.71889e-08
4.55036e-08
1.592e-07
2.20091e-07
2.15106e-07
1.36456e-07
1.37133e-08
-1.01836e-07
-1.66404e-07
-1.55781e-07
-7.70688e-08
4.57937e-08
1.59534e-07
2.20371e-07
2.15224e-07
1.36339e-07
1.34114e-08
-1.02186e-07
-1.66706e-07
-1.55915e-07
-7.69572e-08
4.60905e-08
1.59888e-07
2.20676e-07
2.15362e-07
1.36227e-07
1.31018e-08
-1.02554e-07
-1.67031e-07
-1.56067e-07
-7.68522e-08
4.63948e-08
1.60261e-07
2.21003e-07
2.15519e-07
1.36121e-07
1.27845e-08
-1.02939e-07
-1.67376e-07
-1.56235e-07
-7.67528e-08
4.67064e-08
1.60651e-07
2.2135e-07
2.15692e-07
1.3602e-07
1.24592e-08
-1.03341e-07
-1.67742e-07
-1.56418e-07
-7.66583e-08
4.70258e-08
1.61059e-07
2.21718e-07
2.15881e-07
1.35923e-07
1.2126e-08
-1.0376e-07
-1.68127e-07
-1.56616e-07
-7.65683e-08
4.73529e-08
1.61483e-07
2.22105e-07
2.16085e-07
1.3583e-07
1.17851e-08
-1.04195e-07
-1.68531e-07
-1.56828e-07
-7.6483e-08
4.76874e-08
1.61925e-07
2.22511e-07
2.16304e-07
1.35741e-07
1.14366e-08
-1.04647e-07
-1.68954e-07
-1.57055e-07
-7.64018e-08
4.80293e-08
1.62382e-07
2.22935e-07
2.16537e-07
1.35656e-07
1.10802e-08
-1.05114e-07
-1.69396e-07
-1.57294e-07
-7.63245e-08
4.8379e-08
1.62856e-07
2.23378e-07
2.16783e-07
1.35574e-07
1.07161e-08
-1.05597e-07
-1.69856e-07
-1.57548e-07
-7.6251e-08
4.87362e-08
1.63346e-07
2.23839e-07
2.17044e-07
1.35496e-07
1.03448e-08
-1.06095e-07
-1.70333e-07
-1.57814e-07
-7.61816e-08
4.91005e-08
1.63851e-07
2.24317e-07
2.17318e-07
1.35422e-07
9.96617e-09
-1.06608e-07
-1.70828e-07
-1.58093e-07
-7.61158e-08
4.9472e-08
1.64372e-07
2.24812e-07
2.17605e-07
1.35351e-07
9.58013e-09
-1.07136e-07
-1.7134e-07
-1.58385e-07
-7.60534e-08
4.98509e-08
1.64908e-07
2.25324e-07
2.17905e-07
1.35283e-07
9.18705e-09
-1.07679e-07
-1.71869e-07
-1.58689e-07
-7.59946e-08
5.02366e-08
1.65458e-07
2.25853e-07
2.18218e-07
1.35219e-07
8.78737e-09
-1.08236e-07
-1.72414e-07
-1.59005e-07
-7.59396e-08
5.0629e-08
1.66023e-07
2.26398e-07
2.18543e-07
1.35159e-07
8.38133e-09
-1.08806e-07
-1.72975e-07
-1.59333e-07
-7.58885e-08
5.10276e-08
1.66602e-07
2.26958e-07
2.18881e-07
1.35102e-07
7.96932e-09
-1.0939e-07
-1.73553e-07
-1.59673e-07
-7.58415e-08
5.14322e-08
1.67194e-07
2.27534e-07
2.19231e-07
1.3505e-07
7.55165e-09
-1.09987e-07
-1.74146e-07
-1.60025e-07
-7.57986e-08
5.18425e-08
1.67799e-07
2.28125e-07
2.19594e-07
1.35001e-07
7.12849e-09
-1.10596e-07
-1.74754e-07
-1.60388e-07
-7.57597e-08
5.22583e-08
1.68418e-07
2.28731e-07
2.19968e-07
1.34957e-07
6.70037e-09
-1.11218e-07
-1.75377e-07
-1.60764e-07
-7.57253e-08
5.26791e-08
1.69048e-07
2.29352e-07
2.20354e-07
1.34917e-07
6.26813e-09
-1.11851e-07
-1.76015e-07
-1.6115e-07
-7.56958e-08
5.3104e-08
1.6969e-07
2.29986e-07
2.20753e-07
1.34882e-07
5.83197e-09
-1.12495e-07
-1.76666e-07
-1.61549e-07
-7.56712e-08
5.3533e-08
1.70344e-07
2.30634e-07
2.21163e-07
1.34851e-07
5.39156e-09
-1.1315e-07
-1.77332e-07
-1.61958e-07
-7.5651e-08
5.39663e-08
1.71008e-07
2.31296e-07
2.21584e-07
1.34826e-07
4.94771e-09
-1.13816e-07
-1.78012e-07
-1.62378e-07
-7.56358e-08
5.44033e-08
1.71683e-07
2.31971e-07
2.22017e-07
1.34806e-07
4.50245e-09
-1.1449e-07
-1.78704e-07
-1.6281e-07
-7.56273e-08
5.48417e-08
1.72367e-07
2.32658e-07
2.22462e-07
1.34794e-07
4.05636e-09
-1.15173e-07
-1.79409e-07
-1.63253e-07
-7.56255e-08
5.52812e-08
1.7306e-07
2.33357e-07
2.22919e-07
1.34787e-07
3.60857e-09
-1.15864e-07
-1.80126e-07
-1.63707e-07
-7.56295e-08
5.57225e-08
1.73761e-07
2.34067e-07
2.23387e-07
1.34786e-07
3.15959e-09
-1.16564e-07
-1.80854e-07
-1.64171e-07
-7.56396e-08
5.61653e-08
1.7447e-07
2.34789e-07
2.23865e-07
1.34792e-07
2.71111e-09
-1.17269e-07
-1.81594e-07
-1.64646e-07
-7.56569e-08
5.66077e-08
1.75185e-07
2.35521e-07
2.24355e-07
1.34806e-07
2.26401e-09
-1.17981e-07
-1.82344e-07
-1.65132e-07
-7.56818e-08
5.70489e-08
1.75906e-07
2.36263e-07
2.24856e-07
1.34827e-07
1.81833e-09
-1.18697e-07
-1.83104e-07
-1.65628e-07
-7.5714e-08
5.7489e-08
1.76633e-07
2.37014e-07
2.25367e-07
1.34855e-07
1.37449e-09
-1.19418e-07
-1.83873e-07
-1.66133e-07
-7.57536e-08
5.79275e-08
1.77364e-07
2.37773e-07
2.25889e-07
1.34892e-07
9.33378e-10
-1.20143e-07
-1.8465e-07
-1.66648e-07
-7.58008e-08
5.83635e-08
1.78098e-07
2.3854e-07
2.2642e-07
1.34935e-07
4.95461e-10
-1.2087e-07
-1.85434e-07
-1.67172e-07
-7.58555e-08
5.87965e-08
1.78835e-07
2.39314e-07
2.2696e-07
1.34987e-07
6.11435e-11
-1.21599e-07
-1.86225e-07
-1.67703e-07
-7.59177e-08
5.92263e-08
1.79574e-07
2.40094e-07
2.27508e-07
1.35046e-07
-3.68979e-10
-1.2233e-07
-1.87022e-07
-1.68243e-07
-7.59873e-08
5.96521e-08
1.80314e-07
2.40879e-07
2.28064e-07
1.35112e-07
-7.94926e-10
-1.23061e-07
-1.87824e-07
-1.68789e-07
-7.60638e-08
6.00741e-08
1.81055e-07
2.41668e-07
2.28628e-07
1.35184e-07
-1.21642e-09
-1.23791e-07
-1.8863e-07
-1.69341e-07
-7.6147e-08
6.04919e-08
1.81796e-07
2.42461e-07
2.29197e-07
1.35264e-07
-1.63192e-09
-1.2452e-07
-1.89438e-07
-1.69899e-07
-7.62375e-08
6.0904e-08
1.82534e-07
2.43256e-07
2.29773e-07
1.35352e-07
-2.04004e-09
-1.25245e-07
-1.90248e-07
-1.70462e-07
-7.6336e-08
6.1309e-08
1.83269e-07
2.44051e-07
2.30354e-07
1.35448e-07
-2.44064e-09
-1.25967e-07
-1.91058e-07
-1.7103e-07
-7.64419e-08
6.17069e-08
1.84e-07
2.44847e-07
2.3094e-07
1.3555e-07
-2.83339e-09
-1.26683e-07
-1.91868e-07
-1.71601e-07
-7.6555e-08
6.20972e-08
1.84726e-07
2.45641e-07
2.3153e-07
1.35661e-07
-3.21704e-09
-1.27393e-07
-1.92677e-07
-1.72176e-07
-7.6676e-08
6.24788e-08
1.85446e-07
2.46433e-07
2.32123e-07
1.3578e-07
-3.59105e-09
-1.28096e-07
-1.93483e-07
-1.72753e-07
-7.68048e-08
6.28511e-08
1.86158e-07
2.47223e-07
2.32719e-07
1.35905e-07
-3.95604e-09
-1.28791e-07
-1.94286e-07
-1.73333e-07
-7.69402e-08
6.32148e-08
1.86864e-07
2.48009e-07
2.33318e-07
1.36036e-07
-4.3127e-09
-1.29479e-07
-1.95085e-07
-1.73912e-07
-7.70808e-08
6.35705e-08
1.87561e-07
2.4879e-07
2.33916e-07
1.36171e-07
-4.66209e-09
-1.3016e-07
-1.95879e-07
-1.7449e-07
-7.72248e-08
6.39193e-08
1.88251e-07
2.49565e-07
2.34513e-07
1.36305e-07
-5.00683e-09
-1.30833e-07
-1.96665e-07
-1.75062e-07
-7.73684e-08
6.42637e-08
1.88934e-07
2.50332e-07
2.35105e-07
1.36432e-07
-5.35216e-09
-1.31501e-07
-1.9744e-07
-1.75622e-07
-7.75043e-08
6.46086e-08
1.8961e-07
2.51088e-07
2.35684e-07
1.36545e-07
-5.70172e-09
-1.32163e-07
-1.98199e-07
-1.76164e-07
-7.76269e-08
6.49573e-08
1.9028e-07
2.51828e-07
2.36247e-07
1.36649e-07
-6.05027e-09
-1.32814e-07
-1.98941e-07
-1.76686e-07
-7.77382e-08
6.53052e-08
1.90937e-07
2.5255e-07
2.36791e-07
1.36712e-07
-6.41176e-09
-1.33448e-07
-1.99644e-07
-1.77156e-07
-7.78075e-08
6.5667e-08
1.91576e-07
2.53234e-07
2.37283e-07
1.36525e-07
-6.91789e-09
-1.3407e-07
-2.00181e-07
-1.77379e-07
-7.76398e-08
6.6163e-08
1.92205e-07
2.53774e-07
2.37528e-07
1.35867e-07
-7.69216e-09
-1.34619e-07
-2.00337e-07
-1.77114e-07
-7.70412e-08
6.68868e-08
1.92795e-07
2.53978e-07
2.3728e-07
1.37229e-07
1.48773e-08
-1.00932e-07
-1.66662e-07
-1.55983e-07
-7.63048e-08
4.51688e-08
1.57043e-07
2.19524e-07
2.16075e-07
1.36952e-07
1.46591e-08
-1.00989e-07
-1.66548e-07
-1.55752e-07
-7.60376e-08
4.53922e-08
1.57112e-07
2.19418e-07
2.15836e-07
1.36752e-07
1.44088e-08
-1.01176e-07
-1.66605e-07
-1.55677e-07
-7.58649e-08
4.56197e-08
1.57328e-07
2.19495e-07
2.15753e-07
1.36604e-07
1.41472e-08
-1.01431e-07
-1.66764e-07
-1.55698e-07
-7.57499e-08
4.58568e-08
1.57618e-07
2.19679e-07
2.15771e-07
1.36467e-07
1.38723e-08
-1.01716e-07
-1.66959e-07
-1.55749e-07
-7.56464e-08
4.61071e-08
1.57936e-07
2.19902e-07
2.1582e-07
1.36337e-07
1.35869e-08
-1.02022e-07
-1.67182e-07
-1.5582e-07
-7.55493e-08
4.63667e-08
1.58276e-07
2.20151e-07
2.1589e-07
1.36215e-07
1.32932e-08
-1.0235e-07
-1.6743e-07
-1.55912e-07
-7.54608e-08
4.66332e-08
1.58636e-07
2.20426e-07
2.15984e-07
1.36101e-07
1.29916e-08
-1.02697e-07
-1.67704e-07
-1.56024e-07
-7.53799e-08
4.69069e-08
1.59016e-07
2.20726e-07
2.16098e-07
1.35992e-07
1.26818e-08
-1.03063e-07
-1.68e-07
-1.56154e-07
-7.53046e-08
4.71884e-08
1.59413e-07
2.21049e-07
2.16231e-07
1.35889e-07
1.23637e-08
-1.03447e-07
-1.68317e-07
-1.563e-07
-7.52338e-08
4.74777e-08
1.59828e-07
2.21392e-07
2.1638e-07
1.3579e-07
1.2037e-08
-1.03848e-07
-1.68654e-07
-1.5646e-07
-7.5167e-08
4.77752e-08
1.6026e-07
2.21755e-07
2.16546e-07
1.35695e-07
1.1702e-08
-1.04266e-07
-1.69012e-07
-1.56636e-07
-7.51037e-08
4.80808e-08
1.60708e-07
2.22138e-07
2.16727e-07
1.35604e-07
1.13588e-08
-1.04701e-07
-1.69389e-07
-1.56825e-07
-7.50439e-08
4.83943e-08
1.61172e-07
2.2254e-07
2.16923e-07
1.35517e-07
1.10074e-08
-1.05152e-07
-1.69785e-07
-1.57028e-07
-7.49872e-08
4.87156e-08
1.61652e-07
2.2296e-07
2.17134e-07
1.35434e-07
1.06475e-08
-1.0562e-07
-1.702e-07
-1.57244e-07
-7.49333e-08
4.90451e-08
1.62147e-07
2.23398e-07
2.1736e-07
1.35353e-07
1.02796e-08
-1.06104e-07
-1.70634e-07
-1.57474e-07
-7.48821e-08
4.93825e-08
1.62658e-07
2.23855e-07
2.17599e-07
1.35276e-07
9.90382e-09
-1.06604e-07
-1.71085e-07
-1.57716e-07
-7.48338e-08
4.97275e-08
1.63183e-07
2.24328e-07
2.17852e-07
1.35203e-07
9.52021e-09
-1.07119e-07
-1.71555e-07
-1.57971e-07
-7.4788e-08
5.008e-08
1.63723e-07
2.24819e-07
2.18119e-07
1.35132e-07
9.12864e-09
-1.07649e-07
-1.72041e-07
-1.58237e-07
-7.47445e-08
5.04402e-08
1.64278e-07
2.25327e-07
2.18399e-07
1.35065e-07
8.72947e-09
-1.08195e-07
-1.72545e-07
-1.58516e-07
-7.47033e-08
5.08077e-08
1.64847e-07
2.25851e-07
2.18692e-07
1.35e-07
8.32314e-09
-1.08754e-07
-1.73066e-07
-1.58806e-07
-7.46648e-08
5.11821e-08
1.65429e-07
2.26391e-07
2.18998e-07
1.3494e-07
7.90989e-09
-1.09329e-07
-1.73603e-07
-1.59108e-07
-7.4629e-08
5.15631e-08
1.66024e-07
2.26946e-07
2.19317e-07
1.34882e-07
7.49009e-09
-1.09917e-07
-1.74156e-07
-1.59422e-07
-7.4596e-08
5.19505e-08
1.66633e-07
2.27518e-07
2.19648e-07
1.34829e-07
7.06408e-09
-1.10518e-07
-1.74725e-07
-1.59747e-07
-7.4566e-08
5.23439e-08
1.67254e-07
2.28104e-07
2.19993e-07
1.34779e-07
6.63199e-09
-1.11132e-07
-1.7531e-07
-1.60083e-07
-7.45389e-08
5.2743e-08
1.67887e-07
2.28706e-07
2.20349e-07
1.34733e-07
6.19435e-09
-1.11759e-07
-1.7591e-07
-1.6043e-07
-7.4515e-08
5.31476e-08
1.68531e-07
2.29321e-07
2.20718e-07
1.34692e-07
5.75201e-09
-1.12399e-07
-1.76525e-07
-1.60789e-07
-7.44949e-08
5.35566e-08
1.69186e-07
2.29951e-07
2.211e-07
1.34655e-07
5.30517e-09
-1.13049e-07
-1.77154e-07
-1.61158e-07
-7.44785e-08
5.39699e-08
1.69852e-07
2.30595e-07
2.21493e-07
1.34623e-07
4.85345e-09
-1.13711e-07
-1.77798e-07
-1.61539e-07
-7.44654e-08
5.43879e-08
1.70529e-07
2.31252e-07
2.21899e-07
1.34595e-07
4.39767e-09
-1.14385e-07
-1.78456e-07
-1.6193e-07
-7.44562e-08
5.48097e-08
1.71215e-07
2.31922e-07
2.22316e-07
1.34574e-07
3.93991e-09
-1.15067e-07
-1.79127e-07
-1.62332e-07
-7.44524e-08
5.52334e-08
1.7191e-07
2.32605e-07
2.22747e-07
1.34559e-07
3.48075e-09
-1.15759e-07
-1.79811e-07
-1.62745e-07
-7.44543e-08
5.56584e-08
1.72613e-07
2.33299e-07
2.23189e-07
1.3455e-07
3.01926e-09
-1.16459e-07
-1.80507e-07
-1.63169e-07
-7.44608e-08
5.60856e-08
1.73323e-07
2.34005e-07
2.23643e-07
1.34547e-07
2.55595e-09
-1.17168e-07
-1.81216e-07
-1.63603e-07
-7.44723e-08
5.65145e-08
1.74041e-07
2.34723e-07
2.24108e-07
1.34551e-07
2.09254e-09
-1.17885e-07
-1.81936e-07
-1.64047e-07
-7.44898e-08
5.69434e-08
1.74765e-07
2.35451e-07
2.24585e-07
1.34562e-07
1.62993e-09
-1.18607e-07
-1.82667e-07
-1.64502e-07
-7.45139e-08
5.73715e-08
1.75494e-07
2.36189e-07
2.25074e-07
1.3458e-07
1.16814e-09
-1.19335e-07
-1.83408e-07
-1.64967e-07
-7.45441e-08
5.77986e-08
1.76227e-07
2.36936e-07
2.25573e-07
1.34606e-07
7.07566e-10
-1.20068e-07
-1.84159e-07
-1.65441e-07
-7.45805e-08
5.82246e-08
1.76965e-07
2.37692e-07
2.26083e-07
1.34639e-07
2.4911e-10
-1.20806e-07
-1.84918e-07
-1.65924e-07
-7.46235e-08
5.86483e-08
1.77705e-07
2.38455e-07
2.26603e-07
1.34679e-07
-2.06762e-10
-1.21546e-07
-1.85685e-07
-1.66415e-07
-7.46729e-08
5.90695e-08
1.78448e-07
2.39226e-07
2.27132e-07
1.34727e-07
-6.5965e-10
-1.22289e-07
-1.86459e-07
-1.66915e-07
-7.47287e-08
5.94877e-08
1.79193e-07
2.40002e-07
2.27671e-07
1.34783e-07
-1.10895e-09
-1.23034e-07
-1.8724e-07
-1.67422e-07
-7.47909e-08
5.99023e-08
1.79937e-07
2.40784e-07
2.28217e-07
1.34845e-07
-1.55468e-09
-1.2378e-07
-1.88025e-07
-1.67935e-07
-7.48589e-08
6.03134e-08
1.80682e-07
2.4157e-07
2.28772e-07
1.34914e-07
-1.99656e-09
-1.24526e-07
-1.88815e-07
-1.68454e-07
-7.49325e-08
6.07206e-08
1.81426e-07
2.42359e-07
2.29333e-07
1.3499e-07
-2.43302e-09
-1.25271e-07
-1.89608e-07
-1.68979e-07
-7.50125e-08
6.11224e-08
1.82168e-07
2.43151e-07
2.299e-07
1.35074e-07
-2.86267e-09
-1.26013e-07
-1.90403e-07
-1.69509e-07
-7.50994e-08
6.15174e-08
1.82906e-07
2.43943e-07
2.30474e-07
1.35166e-07
-3.28535e-09
-1.26751e-07
-1.91199e-07
-1.70043e-07
-7.51928e-08
6.19056e-08
1.8364e-07
2.44736e-07
2.31052e-07
1.35265e-07
-3.70073e-09
-1.27485e-07
-1.91995e-07
-1.7058e-07
-7.52924e-08
6.22865e-08
1.84368e-07
2.45527e-07
2.31635e-07
1.35372e-07
-4.10752e-09
-1.28213e-07
-1.9279e-07
-1.71121e-07
-7.53989e-08
6.2659e-08
1.85089e-07
2.46317e-07
2.32222e-07
1.35487e-07
-4.50521e-09
-1.28935e-07
-1.93583e-07
-1.71665e-07
-7.55124e-08
6.30226e-08
1.85803e-07
2.47104e-07
2.32812e-07
1.35609e-07
-4.89438e-09
-1.29649e-07
-1.94374e-07
-1.72211e-07
-7.56315e-08
6.33779e-08
1.86509e-07
2.47887e-07
2.33405e-07
1.35736e-07
-5.27568e-09
-1.30357e-07
-1.95161e-07
-1.72756e-07
-7.57549e-08
6.37255e-08
1.87207e-07
2.48665e-07
2.33998e-07
1.35867e-07
-5.65015e-09
-1.31058e-07
-1.95943e-07
-1.733e-07
-7.5881e-08
6.40665e-08
1.87897e-07
2.49438e-07
2.3459e-07
1.35997e-07
-6.02034e-09
-1.31752e-07
-1.96718e-07
-1.73838e-07
-7.60056e-08
6.44034e-08
1.88579e-07
2.50203e-07
2.35178e-07
1.36121e-07
-6.39139e-09
-1.3244e-07
-1.97481e-07
-1.74364e-07
-7.6122e-08
6.47409e-08
1.89255e-07
2.50956e-07
2.35753e-07
1.36231e-07
-6.76684e-09
-1.33121e-07
-1.9823e-07
-1.74872e-07
-7.62244e-08
6.50822e-08
1.89923e-07
2.51694e-07
2.36312e-07
1.36331e-07
-7.14134e-09
-1.33792e-07
-1.98961e-07
-1.7536e-07
-7.63151e-08
6.54229e-08
1.90578e-07
2.52413e-07
2.36852e-07
1.36391e-07
-7.52796e-09
-1.34446e-07
-1.99651e-07
-1.75797e-07
-7.63641e-08
6.5777e-08
1.91213e-07
2.53093e-07
2.37341e-07
1.36198e-07
-8.05487e-09
-1.35082e-07
-2.0017e-07
-1.75988e-07
-7.61824e-08
6.62609e-08
1.9184e-07
2.53628e-07
2.37582e-07
1.35534e-07
-8.84195e-09
-1.35615e-07
-2.00302e-07
-1.75697e-07
-7.55844e-08
6.6964e-08
1.92415e-07
2.53825e-07
2.37329e-07
)
;

boundaryField
{
    bottomWall
    {
        type            zeroGradient;
    }
    topWall
    {
        type            zeroGradient;
    }
    sides1_half0
    {
        type            cyclic;
    }
    sides1_half1
    {
        type            cyclic;
    }
    inout1_half0
    {
        type            cyclic;
    }
    inout1_half1
    {
        type            cyclic;
    }
}


// ************************************************************************* //
