/*--------------------------------*- C++ -*----------------------------------*\
| =========                 |                                                 |
| \\      /  F ield         | OpenFOAM: The Open Source CFD Toolbox           |
|  \\    /   O peration     | Version:  2.3.0                                 |
|   \\  /    A nd           | Web:      www.OpenFOAM.org                      |
|    \\/     M anipulation  |                                                 |
\*---------------------------------------------------------------------------*/
FoamFile
{
    version     2.0;
    format      ascii;
    class       volScalarField;
    location    "400";
    object      p;
}
// * * * * * * * * * * * * * * * * * * * * * * * * * * * * * * * * * * * * * //

dimensions      [0 2 -2 0 0 0 0];

internalField   nonuniform List<scalar> 
6000
(
2.0364e-07
-6.31434e-08
-3.40726e-07
-5.74656e-07
-7.07899e-07
-6.68079e-07
-4.57864e-07
-1.53417e-07
1.29243e-07
2.85739e-07
2.01507e-07
-6.42203e-08
-3.40626e-07
-5.73299e-07
-7.05861e-07
-6.65983e-07
-4.56632e-07
-1.5351e-07
1.2789e-07
2.83562e-07
1.98528e-07
-6.46367e-08
-3.38899e-07
-5.69811e-07
-7.01421e-07
-6.63026e-07
-4.5583e-07
-1.55199e-07
1.24347e-07
2.78741e-07
1.95777e-07
-6.3841e-08
-3.35488e-07
-5.64842e-07
-6.96782e-07
-6.60383e-07
-4.56253e-07
-1.58537e-07
1.19396e-07
2.73661e-07
1.93696e-07
-6.19203e-08
-3.30884e-07
-5.59118e-07
-6.92093e-07
-6.58457e-07
-4.57875e-07
-1.6306e-07
1.13731e-07
2.68546e-07
1.92467e-07
-5.90636e-08
-3.25525e-07
-5.53147e-07
-6.87748e-07
-6.574e-07
-4.60515e-07
-1.68349e-07
1.0784e-07
2.63805e-07
1.92145e-07
-5.54367e-08
-3.19732e-07
-5.47282e-07
-6.84027e-07
-6.57258e-07
-4.63998e-07
-1.74085e-07
1.02066e-07
2.59715e-07
1.92726e-07
-5.11943e-08
-3.13762e-07
-5.41783e-07
-6.81095e-07
-6.58026e-07
-4.68161e-07
-1.80009e-07
9.66653e-08
2.56433e-07
1.9416e-07
-4.64938e-08
-3.07835e-07
-5.36843e-07
-6.79042e-07
-6.59656e-07
-4.72835e-07
-1.85898e-07
9.18275e-08
2.54038e-07
1.96362e-07
-4.14928e-08
-3.02132e-07
-5.32595e-07
-6.77898e-07
-6.62064e-07
-4.77854e-07
-1.91568e-07
8.76856e-08
2.52552e-07
1.99226e-07
-3.63424e-08
-2.96797e-07
-5.29124e-07
-6.77649e-07
-6.65142e-07
-4.8306e-07
-1.96869e-07
8.43201e-08
2.51956e-07
2.02632e-07
-3.11827e-08
-2.91944e-07
-5.26468e-07
-6.78244e-07
-6.68768e-07
-4.88307e-07
-2.01691e-07
8.17669e-08
2.52195e-07
2.06453e-07
-2.61402e-08
-2.87653e-07
-5.2463e-07
-6.79605e-07
-6.72813e-07
-4.93465e-07
-2.05953e-07
8.00253e-08
2.5319e-07
2.10564e-07
-2.13251e-08
-2.83976e-07
-5.23582e-07
-6.81632e-07
-6.77146e-07
-4.98424e-07
-2.09605e-07
7.90645e-08
2.54845e-07
2.14844e-07
-1.68313e-08
-2.80941e-07
-5.23272e-07
-6.84215e-07
-6.81642e-07
-5.0309e-07
-2.12624e-07
7.88296e-08
2.57056e-07
2.1918e-07
-1.27349e-08
-2.78551e-07
-5.2363e-07
-6.87236e-07
-6.86181e-07
-5.0739e-07
-2.15012e-07
7.92466e-08
2.5971e-07
2.23472e-07
-9.09438e-09
-2.76792e-07
-5.24571e-07
-6.90574e-07
-6.90655e-07
-5.1127e-07
-2.1679e-07
8.02267e-08
2.62698e-07
2.27634e-07
-5.95041e-09
-2.75629e-07
-5.25998e-07
-6.94109e-07
-6.94967e-07
-5.14698e-07
-2.17999e-07
8.16709e-08
2.6591e-07
2.31591e-07
-3.32626e-09
-2.75014e-07
-5.2781e-07
-6.97725e-07
-6.99037e-07
-5.17657e-07
-2.18696e-07
8.34725e-08
2.69243e-07
2.35285e-07
-1.22889e-09
-2.74885e-07
-5.29898e-07
-7.01314e-07
-7.02796e-07
-5.20149e-07
-2.18951e-07
8.55208e-08
2.72599e-07
2.38668e-07
3.49821e-10
-2.75167e-07
-5.32152e-07
-7.04773e-07
-7.06192e-07
-5.22189e-07
-2.18843e-07
8.7704e-08
2.75889e-07
2.41707e-07
1.43157e-09
-2.75782e-07
-5.34466e-07
-7.0801e-07
-7.09184e-07
-5.23806e-07
-2.18457e-07
8.99144e-08
2.79027e-07
2.44374e-07
2.04939e-09
-2.76648e-07
-5.36741e-07
-7.10949e-07
-7.11747e-07
-5.25036e-07
-2.17874e-07
9.20545e-08
2.8194e-07
2.46653e-07
2.24437e-09
-2.77687e-07
-5.38893e-07
-7.13531e-07
-7.1387e-07
-5.25917e-07
-2.17167e-07
9.40462e-08
2.84567e-07
2.48544e-07
2.06409e-09
-2.78838e-07
-5.40868e-07
-7.15728e-07
-7.15562e-07
-5.2649e-07
-2.16393e-07
9.58416e-08
2.8687e-07
2.50066e-07
1.56325e-09
-2.80055e-07
-5.42646e-07
-7.17555e-07
-7.1686e-07
-5.268e-07
-2.15585e-07
9.74332e-08
2.88849e-07
2.5127e-07
8.07904e-10
-2.81313e-07
-5.44254e-07
-7.19073e-07
-7.17837e-07
-5.26899e-07
-2.1475e-07
9.88595e-08
2.90547e-07
2.52255e-07
-1.1583e-10
-2.82601e-07
-5.45758e-07
-7.20399e-07
-7.18611e-07
-5.26857e-07
-2.13885e-07
1.00202e-07
2.92063e-07
2.53168e-07
-1.09043e-09
-2.83907e-07
-5.47256e-07
-7.217e-07
-7.19348e-07
-5.26777e-07
-2.12986e-07
1.01569e-07
2.93546e-07
2.54206e-07
-1.95696e-09
-2.85196e-07
-5.48849e-07
-7.23169e-07
-7.20259e-07
-5.26804e-07
-2.12077e-07
1.0307e-07
2.95177e-07
2.55607e-07
-2.51112e-09
-2.8639e-07
-5.50609e-07
-7.25e-07
-7.21584e-07
-5.27131e-07
-2.11232e-07
1.04777e-07
2.97146e-07
2.57616e-07
-2.50925e-09
-2.87351e-07
-5.52548e-07
-7.27348e-07
-7.23563e-07
-5.27992e-07
-2.10589e-07
1.06701e-07
2.9961e-07
2.60465e-07
-1.68515e-09
-2.87879e-07
-5.54599e-07
-7.30305e-07
-7.26411e-07
-5.29649e-07
-2.10359e-07
1.0876e-07
3.02668e-07
2.64337e-07
2.25508e-10
-2.87721e-07
-5.56607e-07
-7.33872e-07
-7.30289e-07
-5.32361e-07
-2.10804e-07
1.10787e-07
3.06336e-07
2.69346e-07
3.45811e-09
-2.86599e-07
-5.58345e-07
-7.37961e-07
-7.35284e-07
-5.36363e-07
-2.12219e-07
1.12534e-07
3.10541e-07
2.75522e-07
8.19552e-09
-2.84236e-07
-5.59534e-07
-7.424e-07
-7.414e-07
-5.41835e-07
-2.14898e-07
1.13706e-07
3.15127e-07
2.8281e-07
1.45522e-08
-2.80383e-07
-5.59879e-07
-7.46959e-07
-7.48563e-07
-5.48889e-07
-2.19099e-07
1.13991e-07
3.19877e-07
2.9108e-07
2.25675e-08
-2.74846e-07
-5.59094e-07
-7.51369e-07
-7.56625e-07
-5.57558e-07
-2.25024e-07
1.13093e-07
3.24531e-07
3.00137e-07
3.22059e-08
-2.67496e-07
-5.56924e-07
-7.55348e-07
-7.65385e-07
-5.67799e-07
-2.32807e-07
1.10752e-07
3.28808e-07
3.09732e-07
4.33634e-08
-2.58272e-07
-5.53161e-07
-7.58616e-07
-7.74597e-07
-5.79494e-07
-2.42501e-07
1.06756e-07
3.32423e-07
3.19582e-07
5.58733e-08
-2.47188e-07
-5.47648e-07
-7.60904e-07
-7.83982e-07
-5.92458e-07
-2.54089e-07
1.00953e-07
3.35096e-07
3.29373e-07
6.95092e-08
-2.34321e-07
-5.40283e-07
-7.61966e-07
-7.93242e-07
-6.06453e-07
-2.6748e-07
9.32487e-08
3.36565e-07
3.38774e-07
8.39892e-08
-2.19814e-07
-5.31017e-07
-7.6158e-07
-8.02061e-07
-6.21189e-07
-2.8252e-07
8.36043e-08
3.36588e-07
3.47445e-07
9.89848e-08
-2.03869e-07
-5.19858e-07
-7.59551e-07
-8.10118e-07
-6.36339e-07
-2.98995e-07
7.20374e-08
3.34951e-07
3.55045e-07
1.14132e-07
-1.86741e-07
-5.06864e-07
-7.55721e-07
-8.17093e-07
-6.51539e-07
-3.16637e-07
5.86206e-08
3.31477e-07
3.61241e-07
1.2904e-07
-1.68735e-07
-4.9215e-07
-7.49965e-07
-8.2267e-07
-6.66402e-07
-3.35129e-07
4.34815e-08
3.26026e-07
3.65717e-07
1.43299e-07
-1.50204e-07
-4.75887e-07
-7.42208e-07
-8.26555e-07
-6.80522e-07
-3.5411e-07
2.68031e-08
3.18509e-07
3.68188e-07
1.56493e-07
-1.31541e-07
-4.58299e-07
-7.32423e-07
-8.28478e-07
-6.9349e-07
-3.7318e-07
8.82575e-09
3.08892e-07
3.68411e-07
1.68208e-07
-1.13168e-07
-4.39676e-07
-7.20646e-07
-8.28213e-07
-7.04901e-07
-3.91908e-07
-1.01532e-08
2.97203e-07
3.66203e-07
1.7805e-07
-9.55361e-08
-4.20357e-07
-7.06982e-07
-8.25589e-07
-7.14374e-07
-4.09842e-07
-2.97801e-08
2.83549e-07
3.61453e-07
1.85661e-07
-7.91041e-08
-4.00741e-07
-6.91615e-07
-8.20506e-07
-7.21563e-07
-4.26521e-07
-4.96459e-08
2.68115e-07
3.54146e-07
1.90738e-07
-6.43327e-08
-3.81279e-07
-6.74818e-07
-8.12956e-07
-7.26183e-07
-4.41485e-07
-6.92895e-08
2.5118e-07
3.4438e-07
1.9306e-07
-5.16645e-08
-3.62476e-07
-6.56966e-07
-8.03041e-07
-7.28029e-07
-4.54295e-07
-8.82011e-08
2.3313e-07
3.3239e-07
1.92507e-07
-4.15034e-08
-3.44877e-07
-6.38534e-07
-7.90992e-07
-7.27002e-07
-4.64556e-07
-1.0583e-07
2.14461e-07
3.18577e-07
1.89094e-07
-3.41894e-08
-3.29059e-07
-6.20133e-07
-7.77205e-07
-7.23143e-07
-4.71939e-07
-1.21598e-07
1.95799e-07
3.03556e-07
1.82987e-07
-2.99894e-08
-3.15625e-07
-6.02487e-07
-7.62285e-07
-7.16648e-07
-4.76195e-07
-1.34899e-07
1.77904e-07
2.88187e-07
1.74507e-07
-2.91387e-08
-3.05264e-07
-5.86503e-07
-7.47075e-07
-7.07902e-07
-4.77123e-07
-1.45032e-07
1.61748e-07
2.73683e-07
1.64277e-07
-3.18187e-08
-2.98869e-07
-5.73458e-07
-7.32746e-07
-6.97634e-07
-4.74612e-07
-1.51104e-07
1.4873e-07
2.61927e-07
1.53667e-07
-3.76087e-08
-2.97242e-07
-5.65075e-07
-7.21077e-07
-6.87321e-07
-4.6916e-07
-1.52368e-07
1.40714e-07
2.56391e-07
1.46464e-07
-4.33644e-08
-2.99203e-07
-5.62678e-07
-7.15687e-07
-6.80251e-07
-4.63512e-07
-1.50139e-07
1.38507e-07
2.03475e-07
-6.5659e-08
-3.4421e-07
-5.75838e-07
-7.09396e-07
-6.69608e-07
-4.58501e-07
-1.52759e-07
1.30889e-07
2.87725e-07
2.01308e-07
-6.67987e-08
-3.44167e-07
-5.74514e-07
-7.07376e-07
-6.6748e-07
-4.57217e-07
-1.52801e-07
1.29561e-07
2.85545e-07
1.98245e-07
-6.73364e-08
-3.42526e-07
-5.71055e-07
-7.02955e-07
-6.64443e-07
-4.56317e-07
-1.54413e-07
1.2604e-07
2.80996e-07
1.95373e-07
-6.6705e-08
-3.39201e-07
-5.66086e-07
-6.98249e-07
-6.61685e-07
-4.56624e-07
-1.57681e-07
1.21083e-07
2.7583e-07
1.93151e-07
-6.49811e-08
-3.34675e-07
-5.60333e-07
-6.93464e-07
-6.59623e-07
-4.58128e-07
-1.62151e-07
1.15384e-07
2.70609e-07
1.91769e-07
-6.2348e-08
-3.29379e-07
-5.54309e-07
-6.89003e-07
-6.58423e-07
-4.60658e-07
-1.67406e-07
1.09436e-07
2.65748e-07
1.91293e-07
-5.89682e-08
-3.23633e-07
-5.4837e-07
-6.85152e-07
-6.5814e-07
-4.64047e-07
-1.7313e-07
1.03586e-07
2.61522e-07
1.91725e-07
-5.49946e-08
-3.17696e-07
-5.42779e-07
-6.82084e-07
-6.58775e-07
-4.68132e-07
-1.79064e-07
9.80924e-08
2.581e-07
1.93019e-07
-5.05842e-08
-3.11786e-07
-5.37731e-07
-6.79894e-07
-6.60285e-07
-4.7275e-07
-1.84982e-07
9.31506e-08
2.55567e-07
1.95094e-07
-4.58954e-08
-3.06087e-07
-5.33366e-07
-6.78617e-07
-6.62587e-07
-4.77734e-07
-1.907e-07
8.88962e-08
2.53948e-07
1.97846e-07
-4.10809e-08
-3.00745e-07
-5.29771e-07
-6.78244e-07
-6.65578e-07
-4.82926e-07
-1.96065e-07
8.54132e-08
2.53228e-07
2.01155e-07
-3.62837e-08
-2.95879e-07
-5.2699e-07
-6.78725e-07
-6.69136e-07
-4.88178e-07
-2.00963e-07
8.27414e-08
2.53354e-07
2.04897e-07
-3.16335e-08
-2.9157e-07
-5.25028e-07
-6.79984e-07
-6.73133e-07
-4.9336e-07
-2.05311e-07
8.08835e-08
2.54251e-07
2.08944e-07
-2.72449e-08
-2.87874e-07
-5.2386e-07
-6.81925e-07
-6.77437e-07
-4.98358e-07
-2.09055e-07
7.98118e-08
2.55823e-07
2.13175e-07
-2.32167e-08
-2.84821e-07
-5.23437e-07
-6.84438e-07
-6.81921e-07
-5.03075e-07
-2.12169e-07
7.9474e-08
2.57968e-07
2.17475e-07
-1.96303e-08
-2.82419e-07
-5.23691e-07
-6.87404e-07
-6.86464e-07
-5.07437e-07
-2.14651e-07
7.97981e-08
2.60573e-07
2.21744e-07
-1.65504e-08
-2.80655e-07
-5.24539e-07
-6.90704e-07
-6.90957e-07
-5.11387e-07
-2.16521e-07
8.06972e-08
2.63527e-07
2.25891e-07
-1.40245e-08
-2.79498e-07
-5.25885e-07
-6.94215e-07
-6.953e-07
-5.14887e-07
-2.17817e-07
8.20735e-08
2.66722e-07
2.29841e-07
-1.20836e-08
-2.78902e-07
-5.27628e-07
-6.97823e-07
-6.99412e-07
-5.17921e-07
-2.18593e-07
8.3821e-08
2.70052e-07
2.33533e-07
-1.07428e-08
-2.78805e-07
-5.29661e-07
-7.01416e-07
-7.0322e-07
-5.20486e-07
-2.18917e-07
8.58292e-08
2.7342e-07
2.36917e-07
-1.00023e-08
-2.79136e-07
-5.31873e-07
-7.04891e-07
-7.0667e-07
-5.22597e-07
-2.18868e-07
8.79863e-08
2.76732e-07
2.39957e-07
-9.85038e-09
-2.79818e-07
-5.34157e-07
-7.08154e-07
-7.09718e-07
-5.24279e-07
-2.18528e-07
9.0184e-08
2.79902e-07
2.42622e-07
-1.02656e-08
-2.80768e-07
-5.36414e-07
-7.11125e-07
-7.12338e-07
-5.25565e-07
-2.17979e-07
9.23241e-08
2.82855e-07
2.44896e-07
-1.1219e-08
-2.81912e-07
-5.3856e-07
-7.13746e-07
-7.14516e-07
-5.26494e-07
-2.17294e-07
9.43276e-08
2.85528e-07
2.46776e-07
-1.26751e-08
-2.83185e-07
-5.40537e-07
-7.15988e-07
-7.1626e-07
-5.27106e-07
-2.16529e-07
9.61453e-08
2.87882e-07
2.48281e-07
-1.4592e-08
-2.84542e-07
-5.42326e-07
-7.17861e-07
-7.17607e-07
-5.27445e-07
-2.15718e-07
9.77683e-08
2.89915e-07
2.49465e-07
-1.69151e-08
-2.85957e-07
-5.43952e-07
-7.19429e-07
-7.18629e-07
-5.27566e-07
-2.14873e-07
9.92335e-08
2.9167e-07
2.50426e-07
-1.95681e-08
-2.87417e-07
-5.4548e-07
-7.20808e-07
-7.19447e-07
-5.27541e-07
-2.1399e-07
1.0062e-07
2.93245e-07
2.51316e-07
-2.24418e-08
-2.88904e-07
-5.47004e-07
-7.22162e-07
-7.20229e-07
-5.27477e-07
-2.13072e-07
1.02033e-07
2.94789e-07
2.52335e-07
-2.5384e-08
-2.90381e-07
-5.48621e-07
-7.23686e-07
-7.21188e-07
-5.27524e-07
-2.12147e-07
1.03577e-07
2.96484e-07
2.53722e-07
-2.81968e-08
-2.91763e-07
-5.504e-07
-7.2557e-07
-7.22565e-07
-5.2788e-07
-2.11296e-07
1.05323e-07
2.98515e-07
2.55726e-07
-3.06435e-08
-2.92907e-07
-5.52347e-07
-7.27968e-07
-7.24602e-07
-5.28784e-07
-2.10662e-07
1.07272e-07
3.0104e-07
2.58577e-07
-3.24666e-08
-2.9361e-07
-5.5439e-07
-7.30967e-07
-7.27512e-07
-5.30497e-07
-2.10459e-07
1.09339e-07
3.0415e-07
2.62457e-07
-3.34123e-08
-2.93615e-07
-5.56369e-07
-7.34564e-07
-7.31454e-07
-5.33281e-07
-2.10957e-07
1.11351e-07
3.07857e-07
2.67473e-07
-3.32578e-08
-2.92642e-07
-5.58051e-07
-7.38662e-07
-7.36508e-07
-5.37367e-07
-2.1245e-07
1.13055e-07
3.12079e-07
2.73651e-07
-3.18379e-08
-2.90414e-07
-5.59156e-07
-7.43086e-07
-7.42675e-07
-5.42933e-07
-2.15231e-07
1.14152e-07
3.16657e-07
2.8093e-07
-2.90843e-08
-2.86684e-07
-5.59384e-07
-7.476e-07
-7.49871e-07
-5.50086e-07
-2.19557e-07
1.1433e-07
3.21366e-07
2.89176e-07
-2.50001e-08
-2.81264e-07
-5.58448e-07
-7.5193e-07
-7.57945e-07
-5.58853e-07
-2.25629e-07
1.1329e-07
3.25941e-07
2.9819e-07
-1.95749e-08
-2.7404e-07
-5.56092e-07
-7.55792e-07
-7.66689e-07
-5.69184e-07
-2.33573e-07
1.10774e-07
3.301e-07
3.07718e-07
-1.16168e-08
-2.64947e-07
-5.52116e-07
-7.58902e-07
-7.75851e-07
-5.80955e-07
-2.43439e-07
1.06573e-07
3.33553e-07
3.17468e-07
3.7503e-13
-2.53848e-07
-5.4637e-07
-7.60994e-07
-7.85151e-07
-5.93975e-07
-2.55202e-07
1.00538e-07
3.36022e-07
3.27128e-07
1.50901e-08
-2.40694e-07
-5.38754e-07
-7.61822e-07
-7.94286e-07
-6.08001e-07
-2.68767e-07
9.25803e-08
3.37244e-07
3.36361e-07
3.32444e-08
-2.25771e-07
-5.29229e-07
-7.61167e-07
-8.0294e-07
-6.22739e-07
-2.83971e-07
8.26664e-08
3.36982e-07
3.4483e-07
5.27892e-08
-2.0944e-07
-5.17802e-07
-7.58838e-07
-8.10792e-07
-6.37855e-07
-3.00596e-07
7.08208e-08
3.35027e-07
3.52194e-07
7.20753e-08
-1.91974e-07
-5.04535e-07
-7.54679e-07
-8.1752e-07
-6.52983e-07
-3.18365e-07
5.71233e-08
3.31205e-07
3.5812e-07
9.06572e-08
-1.73675e-07
-4.89553e-07
-7.48575e-07
-8.22813e-07
-6.67733e-07
-3.36955e-07
4.17093e-08
3.25384e-07
3.62292e-07
1.08161e-07
-1.54898e-07
-4.73034e-07
-7.40455e-07
-8.26377e-07
-6.81697e-07
-3.55999e-07
2.47701e-08
3.17481e-07
3.64428e-07
1.24207e-07
-1.3604e-07
-4.55215e-07
-7.30301e-07
-8.27949e-07
-6.94465e-07
-3.75091e-07
6.55434e-09
3.07471e-07
3.64291e-07
1.384e-07
-1.17532e-07
-4.36389e-07
-7.18158e-07
-8.27308e-07
-7.05632e-07
-3.93796e-07
-1.26323e-08
2.95393e-07
3.61701e-07
1.5036e-07
-9.98269e-08
-4.16905e-07
-7.04139e-07
-8.24289e-07
-7.1482e-07
-4.11658e-07
-3.24282e-08
2.81361e-07
3.56559e-07
1.59746e-07
-8.33863e-08
-3.97168e-07
-6.88439e-07
-8.18801e-07
-7.21686e-07
-4.28213e-07
-5.24175e-08
2.65571e-07
3.48856e-07
1.66276e-07
-6.867e-08
-3.77637e-07
-6.71341e-07
-8.10845e-07
-7.25951e-07
-4.43003e-07
-7.2133e-08
2.48314e-07
3.38703e-07
1.69748e-07
-5.61182e-08
-3.58821e-07
-6.53226e-07
-8.00533e-07
-7.27417e-07
-4.55589e-07
-9.10609e-08
2.29983e-07
3.26346e-07
1.70067e-07
-4.61296e-08
-3.41267e-07
-6.34585e-07
-7.8811e-07
-7.25998e-07
-4.65584e-07
-1.08649e-07
2.11087e-07
3.12203e-07
1.67275e-07
-3.9036e-08
-3.25551e-07
-6.1603e-07
-7.73986e-07
-7.21746e-07
-4.72666e-07
-1.24319e-07
1.92258e-07
2.969e-07
1.61568e-07
-3.50923e-08
-3.12273e-07
-5.98293e-07
-7.58776e-07
-7.14875e-07
-4.76598e-07
-1.37469e-07
1.74264e-07
2.81311e-07
1.53306e-07
-3.45171e-08
-3.02115e-07
-5.82286e-07
-7.43335e-07
-7.05791e-07
-4.77199e-07
-1.47408e-07
1.58082e-07
2.66644e-07
1.43163e-07
-3.74642e-08
-2.95955e-07
-5.69294e-07
-7.2883e-07
-6.9525e-07
-4.74386e-07
-1.53258e-07
1.45118e-07
2.549e-07
1.32575e-07
-4.34681e-08
-2.94561e-07
-5.61031e-07
-7.17145e-07
-6.84765e-07
-4.68702e-07
-1.54308e-07
1.3723e-07
2.49406e-07
1.25389e-07
-4.93175e-08
-2.96664e-07
-5.58743e-07
-7.11789e-07
-6.77646e-07
-4.62947e-07
-1.51943e-07
1.35145e-07
2.05709e-07
-6.27063e-08
-3.42133e-07
-5.7747e-07
-7.10669e-07
-6.70119e-07
-4.58339e-07
-1.52157e-07
1.31591e-07
2.88161e-07
2.03515e-07
-6.386e-08
-3.42103e-07
-5.76149e-07
-7.08629e-07
-6.67962e-07
-4.57029e-07
-1.52181e-07
1.30266e-07
2.85968e-07
2.00406e-07
-6.44063e-08
-3.40465e-07
-5.72677e-07
-7.04301e-07
-6.64874e-07
-4.56089e-07
-1.53777e-07
1.26731e-07
2.81406e-07
1.97481e-07
-6.3756e-08
-3.37125e-07
-5.67675e-07
-6.99529e-07
-6.62057e-07
-4.56357e-07
-1.57043e-07
1.21739e-07
2.76178e-07
1.95208e-07
-6.19731e-08
-3.32563e-07
-5.61875e-07
-6.9467e-07
-6.59934e-07
-4.57831e-07
-1.61526e-07
1.15989e-07
2.70884e-07
1.93781e-07
-5.9236e-08
-3.27211e-07
-5.55794e-07
-6.90135e-07
-6.58676e-07
-4.60342e-07
-1.66809e-07
1.09979e-07
2.65946e-07
1.93271e-07
-5.57037e-08
-3.21393e-07
-5.4979e-07
-6.86208e-07
-6.58341e-07
-4.63723e-07
-1.72573e-07
1.04058e-07
2.61642e-07
1.9368e-07
-5.15269e-08
-3.15368e-07
-5.44132e-07
-6.83067e-07
-6.58934e-07
-4.67814e-07
-1.78557e-07
9.84889e-08
2.58145e-07
1.94965e-07
-4.68611e-08
-3.09357e-07
-5.39016e-07
-6.80808e-07
-6.60411e-07
-4.72448e-07
-1.84534e-07
9.34693e-08
2.55541e-07
1.97046e-07
-4.18639e-08
-3.03545e-07
-5.34585e-07
-6.79471e-07
-6.62692e-07
-4.77459e-07
-1.90317e-07
8.91374e-08
2.53859e-07
1.99818e-07
-3.66878e-08
-2.98082e-07
-5.30927e-07
-6.79045e-07
-6.65672e-07
-4.82687e-07
-1.95752e-07
8.55792e-08
2.53083e-07
2.03161e-07
-3.14756e-08
-2.93085e-07
-5.28088e-07
-6.79483e-07
-6.6923e-07
-4.87984e-07
-2.00722e-07
8.28361e-08
2.53162e-07
2.06948e-07
-2.6357e-08
-2.8864e-07
-5.26074e-07
-6.80709e-07
-6.73237e-07
-4.93217e-07
-2.05142e-07
8.09124e-08
2.54021e-07
2.11053e-07
-2.14464e-08
-2.84805e-07
-5.24861e-07
-6.82625e-07
-6.77559e-07
-4.9827e-07
-2.08958e-07
7.97812e-08
2.55566e-07
2.15352e-07
-1.68417e-08
-2.8161e-07
-5.24402e-07
-6.85123e-07
-6.82069e-07
-5.03047e-07
-2.12142e-07
7.9391e-08
2.57691e-07
2.19729e-07
-1.26234e-08
-2.79065e-07
-5.24628e-07
-6.88083e-07
-6.86645e-07
-5.0747e-07
-2.1469e-07
7.96702e-08
2.60284e-07
2.24081e-07
-8.85428e-09
-2.77157e-07
-5.25456e-07
-6.91383e-07
-6.91174e-07
-5.1148e-07
-2.16621e-07
8.05321e-08
2.63235e-07
2.28318e-07
-5.57924e-09
-2.75857e-07
-5.26791e-07
-6.94903e-07
-6.95558e-07
-5.1504e-07
-2.17973e-07
8.18786e-08
2.66432e-07
2.32361e-07
-2.82564e-09
-2.75118e-07
-5.28531e-07
-6.98525e-07
-6.99711e-07
-5.1813e-07
-2.18798e-07
8.36036e-08
2.6977e-07
2.36148e-07
-6.04125e-10
-2.7488e-07
-5.30568e-07
-7.02136e-07
-7.03561e-07
-5.20748e-07
-2.19165e-07
8.55959e-08
2.7315e-07
2.39628e-07
1.09027e-09
-2.7507e-07
-5.32791e-07
-7.05632e-07
-7.07052e-07
-5.22907e-07
-2.19152e-07
8.77431e-08
2.76476e-07
2.42763e-07
2.2765e-09
-2.75612e-07
-5.35092e-07
-7.08919e-07
-7.10139e-07
-5.24631e-07
-2.18841e-07
8.99361e-08
2.79663e-07
2.45523e-07
2.98546e-09
-2.76422e-07
-5.3737e-07
-7.11914e-07
-7.12793e-07
-5.25953e-07
-2.18316e-07
9.20759e-08
2.82632e-07
2.47889e-07
3.25683e-09
-2.77425e-07
-5.39541e-07
-7.14559e-07
-7.15002e-07
-5.26911e-07
-2.17648e-07
9.40822e-08
2.85319e-07
2.49858e-07
3.13761e-09
-2.78557e-07
-5.41547e-07
-7.16823e-07
-7.16772e-07
-5.27547e-07
-2.16895e-07
9.59052e-08
2.87686e-07
2.51449e-07
2.68311e-09
-2.7977e-07
-5.43368e-07
-7.18717e-07
-7.1814e-07
-5.27904e-07
-2.16092e-07
9.75348e-08
2.89729e-07
2.52716e-07
1.96172e-09
-2.81037e-07
-5.45025e-07
-7.20303e-07
-7.19179e-07
-5.28037e-07
-2.1525e-07
9.90071e-08
2.91492e-07
2.53759e-07
1.06375e-09
-2.82342e-07
-5.46585e-07
-7.21698e-07
-7.20011e-07
-5.28022e-07
-2.1437e-07
1.004e-07
2.93073e-07
2.54729e-07
1.12469e-10
-2.83667e-07
-5.4814e-07
-7.23068e-07
-7.20804e-07
-5.27967e-07
-2.13455e-07
1.01819e-07
2.94621e-07
2.55829e-07
-7.265e-10
-2.84972e-07
-5.49787e-07
-7.24605e-07
-7.21774e-07
-5.28024e-07
-2.12534e-07
1.03367e-07
2.96319e-07
2.57297e-07
-1.2422e-09
-2.86169e-07
-5.51591e-07
-7.26501e-07
-7.23163e-07
-5.28391e-07
-2.11689e-07
1.05113e-07
2.98352e-07
2.59383e-07
-1.18537e-09
-2.87114e-07
-5.53561e-07
-7.28911e-07
-7.25213e-07
-5.2931e-07
-2.11068e-07
1.07058e-07
3.00877e-07
2.62316e-07
-2.86136e-10
-2.87598e-07
-5.55619e-07
-7.31919e-07
-7.2814e-07
-5.31045e-07
-2.10885e-07
1.09116e-07
3.03987e-07
2.66276e-07
1.72085e-09
-2.87366e-07
-5.57606e-07
-7.35521e-07
-7.32098e-07
-5.33856e-07
-2.1141e-07
1.11111e-07
3.07689e-07
2.71369e-07
5.06918e-09
-2.86136e-07
-5.59285e-07
-7.39619e-07
-7.3717e-07
-5.37975e-07
-2.12939e-07
1.12789e-07
3.11903e-07
2.77618e-07
9.93738e-09
-2.83629e-07
-5.60376e-07
-7.44037e-07
-7.43352e-07
-5.43578e-07
-2.15765e-07
1.13851e-07
3.16465e-07
2.84958e-07
1.64336e-08
-2.79602e-07
-5.60578e-07
-7.48534e-07
-7.50559e-07
-5.5077e-07
-2.20146e-07
1.13982e-07
3.21149e-07
2.93251e-07
2.45896e-08
-2.73861e-07
-5.59603e-07
-7.52837e-07
-7.58639e-07
-5.59578e-07
-2.26278e-07
1.12884e-07
3.2569e-07
3.02293e-07
3.43622e-08
-2.66284e-07
-5.57199e-07
-7.56659e-07
-7.6738e-07
-5.69948e-07
-2.3429e-07
1.10297e-07
3.29802e-07
3.1183e-07
4.56393e-08
-2.56818e-07
-5.5316e-07
-7.59718e-07
-7.7653e-07
-5.81755e-07
-2.44228e-07
1.06016e-07
3.33197e-07
3.21572e-07
5.82464e-08
-2.45481e-07
-5.47333e-07
-7.61744e-07
-7.85806e-07
-5.94807e-07
-2.56067e-07
9.98903e-08
3.35595e-07
3.312e-07
7.19495e-08
-2.32362e-07
-5.39621e-07
-7.62493e-07
-7.94904e-07
-6.08857e-07
-2.69709e-07
9.18326e-08
3.36735e-07
3.40384e-07
8.64593e-08
-2.17611e-07
-5.29986e-07
-7.61746e-07
-8.03509e-07
-6.2361e-07
-2.84989e-07
8.18121e-08
3.36379e-07
3.4878e-07
1.01441e-07
-2.01439e-07
-5.1844e-07
-7.59313e-07
-8.11298e-07
-6.38731e-07
-3.01686e-07
6.98548e-08
3.34319e-07
3.5605e-07
1.16524e-07
-1.84111e-07
-5.05053e-07
-7.5504e-07
-8.1795e-07
-6.53853e-07
-3.19522e-07
5.6043e-08
3.30381e-07
3.6186e-07
1.31315e-07
-1.6594e-07
-4.8995e-07
-7.48814e-07
-8.23153e-07
-6.68583e-07
-3.38171e-07
4.05144e-08
3.24437e-07
3.65901e-07
1.454e-07
-1.47289e-07
-4.73313e-07
-7.40565e-07
-8.26615e-07
-6.82513e-07
-3.57265e-07
2.34628e-08
3.16404e-07
3.67893e-07
1.58361e-07
-1.28557e-07
-4.55379e-07
-7.30278e-07
-8.28073e-07
-6.95233e-07
-3.76394e-07
5.14e-09
3.06261e-07
3.67599e-07
1.69783e-07
-1.10175e-07
-4.36445e-07
-7.18e-07
-8.27308e-07
-7.06337e-07
-3.95122e-07
-1.41459e-08
2.94047e-07
3.64846e-07
1.79276e-07
-9.2597e-08
-4.16864e-07
-7.03848e-07
-8.24156e-07
-7.15446e-07
-4.12992e-07
-3.40304e-08
2.7988e-07
3.59534e-07
1.86485e-07
-7.62878e-08
-3.97043e-07
-6.88018e-07
-8.18529e-07
-7.2222e-07
-4.29538e-07
-5.40952e-08
2.6396e-07
3.5166e-07
1.91116e-07
-6.17079e-08
-3.77444e-07
-6.70798e-07
-8.10431e-07
-7.2638e-07
-4.44301e-07
-7.38708e-08
2.4658e-07
3.41339e-07
1.92955e-07
-4.92978e-08
-3.58578e-07
-6.52573e-07
-7.99977e-07
-7.27731e-07
-4.56844e-07
-9.28414e-08
2.28138e-07
3.28822e-07
1.91898e-07
-3.94558e-08
-3.40993e-07
-6.33835e-07
-7.87416e-07
-7.26189e-07
-4.66779e-07
-1.10453e-07
2.09145e-07
3.14531e-07
1.87978e-07
-3.25117e-08
-3.25268e-07
-6.152e-07
-7.73162e-07
-7.2181e-07
-4.73787e-07
-1.26128e-07
1.90236e-07
2.99099e-07
1.8138e-07
-2.87177e-08
-3.12003e-07
-5.97404e-07
-7.57836e-07
-7.14813e-07
-4.77635e-07
-1.39264e-07
1.72181e-07
2.83403e-07
1.72455e-07
-2.82876e-08
-3.01878e-07
-5.81361e-07
-7.42297e-07
-7.05611e-07
-4.78144e-07
-1.4917e-07
1.55961e-07
2.68643e-07
1.61862e-07
-3.13678e-08
-2.9577e-07
-5.6836e-07
-7.27706e-07
-6.9497e-07
-4.75242e-07
-1.54972e-07
1.42987e-07
2.56874e-07
1.51015e-07
-3.74793e-08
-2.9444e-07
-5.60117e-07
-7.1599e-07
-6.84415e-07
-4.69482e-07
-1.55966e-07
1.35117e-07
2.51383e-07
1.43726e-07
-4.33855e-08
-2.96593e-07
-5.57858e-07
-7.10635e-07
-6.77268e-07
-4.63686e-07
-1.53559e-07
1.33062e-07
2.10325e-07
-4.87543e-08
-3.36695e-07
-5.77667e-07
-7.11424e-07
-6.70915e-07
-4.58926e-07
-1.52425e-07
1.31633e-07
2.88975e-07
2.08119e-07
-4.9907e-08
-3.3667e-07
-5.7634e-07
-7.09371e-07
-6.68742e-07
-4.57603e-07
-1.52443e-07
1.30306e-07
2.86772e-07
2.04991e-07
-5.04277e-08
-3.35027e-07
-5.72849e-07
-7.05033e-07
-6.65631e-07
-4.5665e-07
-1.5404e-07
1.26754e-07
2.82189e-07
2.02053e-07
-4.9717e-08
-3.31668e-07
-5.67818e-07
-7.00227e-07
-6.6279e-07
-4.56912e-07
-1.5732e-07
1.21735e-07
2.76929e-07
1.99773e-07
-4.78363e-08
-3.27072e-07
-5.61981e-07
-6.95332e-07
-6.60647e-07
-4.58388e-07
-1.61826e-07
1.1595e-07
2.716e-07
1.98348e-07
-4.49628e-08
-3.21676e-07
-5.55859e-07
-6.90761e-07
-6.59374e-07
-4.60908e-07
-1.67138e-07
1.09901e-07
2.66627e-07
1.9785e-07
-4.12553e-08
-3.15803e-07
-5.49813e-07
-6.86801e-07
-6.59029e-07
-4.64305e-07
-1.72936e-07
1.03938e-07
2.62291e-07
1.98282e-07
-3.68653e-08
-3.09715e-07
-5.44111e-07
-6.8363e-07
-6.59618e-07
-4.68417e-07
-1.78958e-07
9.83274e-08
2.58764e-07
1.99599e-07
-3.19495e-08
-3.03634e-07
-5.38953e-07
-6.81346e-07
-6.61096e-07
-4.73079e-07
-1.84977e-07
9.32668e-08
2.56135e-07
2.01722e-07
-2.66668e-08
-2.97745e-07
-5.34482e-07
-6.79988e-07
-6.63385e-07
-4.78121e-07
-1.90803e-07
8.88958e-08
2.54432e-07
2.04544e-07
-2.11715e-08
-2.92201e-07
-5.30788e-07
-6.79547e-07
-6.66379e-07
-4.83385e-07
-1.96281e-07
8.53013e-08
2.5364e-07
2.07946e-07
-1.56084e-08
-2.8712e-07
-5.27916e-07
-6.79975e-07
-6.69955e-07
-4.88719e-07
-2.01294e-07
8.25254e-08
2.53709e-07
2.11799e-07
-1.0109e-08
-2.82589e-07
-5.25873e-07
-6.81195e-07
-6.73982e-07
-4.93992e-07
-2.05756e-07
8.05727e-08
2.54562e-07
2.15976e-07
-4.78963e-09
-2.78665e-07
-5.24636e-07
-6.83112e-07
-6.7833e-07
-4.99085e-07
-2.09611e-07
7.94167e-08
2.56105e-07
2.20352e-07
2.49925e-10
-2.75381e-07
-5.24156e-07
-6.85613e-07
-6.82867e-07
-5.03901e-07
-2.12831e-07
7.90057e-08
2.58233e-07
2.2481e-07
4.92735e-09
-2.72745e-07
-5.24365e-07
-6.88581e-07
-6.87471e-07
-5.08362e-07
-2.15412e-07
7.92682e-08
2.60833e-07
2.29246e-07
9.1783e-09
-2.70748e-07
-5.2518e-07
-6.91892e-07
-6.9203e-07
-5.12409e-07
-2.17372e-07
8.01173e-08
2.63792e-07
2.33567e-07
1.29564e-08
-2.69358e-07
-5.26506e-07
-6.95424e-07
-6.96443e-07
-5.16003e-07
-2.1875e-07
8.14545e-08
2.67e-07
2.37696e-07
1.6233e-08
-2.6853e-07
-5.2824e-07
-6.9906e-07
-7.00624e-07
-5.19125e-07
-2.19597e-07
8.31731e-08
2.70351e-07
2.41569e-07
1.89967e-08
-2.68203e-07
-5.30273e-07
-7.02686e-07
-7.04501e-07
-5.21771e-07
-2.19983e-07
8.51618e-08
2.73744e-07
2.45135e-07
2.12518e-08
-2.68305e-07
-5.32494e-07
-7.06197e-07
-7.08016e-07
-5.23954e-07
-2.19985e-07
8.73075e-08
2.77083e-07
2.48353e-07
2.30169e-08
-2.68759e-07
-5.34795e-07
-7.09498e-07
-7.11125e-07
-5.25699e-07
-2.19687e-07
8.95006e-08
2.80282e-07
2.51194e-07
2.43221e-08
-2.69482e-07
-5.37075e-07
-7.12506e-07
-7.13799e-07
-5.27039e-07
-2.19171e-07
9.16413e-08
2.83262e-07
2.53638e-07
2.52065e-08
-2.70397e-07
-5.39247e-07
-7.15163e-07
-7.16023e-07
-5.28011e-07
-2.1851e-07
9.3649e-08
2.85958e-07
2.55683e-07
2.57163e-08
-2.7144e-07
-5.41254e-07
-7.17436e-07
-7.17806e-07
-5.28657e-07
-2.17762e-07
9.54732e-08
2.88332e-07
2.57347e-07
2.59057e-08
-2.72564e-07
-5.43074e-07
-7.19337e-07
-7.19183e-07
-5.29022e-07
-2.16962e-07
9.71034e-08
2.9038e-07
2.58684e-07
2.58411e-08
-2.7374e-07
-5.44731e-07
-7.20928e-07
-7.20228e-07
-5.29161e-07
-2.16124e-07
9.85754e-08
2.92145e-07
2.59794e-07
2.561e-08
-2.74953e-07
-5.46288e-07
-7.22325e-07
-7.21064e-07
-5.2915e-07
-2.15246e-07
9.99671e-08
2.93726e-07
2.60828e-07
2.53318e-08
-2.76186e-07
-5.47839e-07
-7.23695e-07
-7.21859e-07
-5.29098e-07
-2.14334e-07
1.01383e-07
2.95272e-07
2.61991e-07
2.51671e-08
-2.77396e-07
-5.4948e-07
-7.25231e-07
-7.22831e-07
-5.29158e-07
-2.13417e-07
1.02927e-07
2.96966e-07
2.63519e-07
2.53206e-08
-2.78498e-07
-5.51278e-07
-7.27126e-07
-7.24221e-07
-5.29529e-07
-2.12578e-07
1.04667e-07
2.98995e-07
2.65663e-07
2.60347e-08
-2.79347e-07
-5.53238e-07
-7.29533e-07
-7.26272e-07
-5.30453e-07
-2.11963e-07
1.06605e-07
3.01515e-07
2.68651e-07
2.75715e-08
-2.79736e-07
-5.55286e-07
-7.32537e-07
-7.292e-07
-5.32194e-07
-2.11789e-07
1.08655e-07
3.04619e-07
2.72664e-07
3.01882e-08
-2.79409e-07
-5.5726e-07
-7.36134e-07
-7.33161e-07
-5.35012e-07
-2.12325e-07
1.10639e-07
3.08315e-07
2.77807e-07
3.41096e-08
-2.78086e-07
-5.58926e-07
-7.40227e-07
-7.38235e-07
-5.3914e-07
-2.13867e-07
1.12304e-07
3.12522e-07
2.84102e-07
3.95055e-08
-2.7549e-07
-5.6e-07
-7.44638e-07
-7.44419e-07
-5.44754e-07
-2.16709e-07
1.13352e-07
3.17076e-07
2.91484e-07
4.64746e-08
-2.71377e-07
-5.60183e-07
-7.49126e-07
-7.51628e-07
-5.51958e-07
-2.21106e-07
1.13466e-07
3.21751e-07
2.99813e-07
5.50388e-08
-2.65556e-07
-5.59189e-07
-7.53418e-07
-7.59708e-07
-5.60778e-07
-2.27259e-07
1.12348e-07
3.2628e-07
3.08886e-07
6.51445e-08
-2.57905e-07
-5.56762e-07
-7.57227e-07
-7.68449e-07
-5.71162e-07
-2.35292e-07
1.09738e-07
3.30378e-07
3.18448e-07
7.66685e-08
-2.48372e-07
-5.52698e-07
-7.60268e-07
-7.77596e-07
-5.82981e-07
-2.45254e-07
1.05431e-07
3.33757e-07
3.28207e-07
8.94262e-08
-2.36978e-07
-5.46844e-07
-7.62275e-07
-7.86867e-07
-5.96045e-07
-2.57118e-07
9.92775e-08
3.36135e-07
3.37847e-07
1.03181e-07
-2.23811e-07
-5.39104e-07
-7.63002e-07
-7.95959e-07
-6.10106e-07
-2.70786e-07
9.1189e-08
3.37253e-07
3.47034e-07
1.1765e-07
-2.09021e-07
-5.29438e-07
-7.62229e-07
-8.04553e-07
-6.24869e-07
-2.86093e-07
8.11354e-08
3.36871e-07
3.55428e-07
1.32513e-07
-1.92818e-07
-5.17861e-07
-7.59767e-07
-8.12329e-07
-6.39998e-07
-3.02816e-07
6.91433e-08
3.34783e-07
3.62688e-07
1.47413e-07
-1.75467e-07
-5.04442e-07
-7.55463e-07
-8.18964e-07
-6.55126e-07
-3.20678e-07
5.52953e-08
3.30815e-07
3.68482e-07
1.6197e-07
-1.5728e-07
-4.89307e-07
-7.49203e-07
-8.24148e-07
-6.69858e-07
-3.39353e-07
3.97297e-08
3.24837e-07
3.72501e-07
1.75783e-07
-1.38619e-07
-4.72637e-07
-7.40918e-07
-8.27587e-07
-6.83789e-07
-3.58469e-07
2.2641e-08
3.1677e-07
3.74464e-07
1.88446e-07
-1.19882e-07
-4.54672e-07
-7.30594e-07
-8.29019e-07
-6.96504e-07
-3.77619e-07
4.28146e-09
3.0659e-07
3.74138e-07
1.99555e-07
-1.015e-07
-4.35708e-07
-7.18278e-07
-8.28224e-07
-7.07601e-07
-3.96366e-07
-1.50399e-08
2.94339e-07
3.71346e-07
2.08727e-07
-8.39275e-08
-4.16099e-07
-7.04087e-07
-8.2504e-07
-7.16699e-07
-4.1425e-07
-3.4958e-08
2.80135e-07
3.65993e-07
2.15619e-07
-6.76275e-08
-3.96252e-07
-6.8822e-07
-8.19379e-07
-7.23458e-07
-4.30807e-07
-5.50536e-08
2.64177e-07
3.58076e-07
2.19943e-07
-5.30605e-08
-3.76632e-07
-6.70962e-07
-8.11245e-07
-7.276e-07
-4.45576e-07
-7.48567e-08
2.46761e-07
3.47709e-07
2.21492e-07
-4.06668e-08
-3.57748e-07
-6.52701e-07
-8.00754e-07
-7.28928e-07
-4.58121e-07
-9.38506e-08
2.28284e-07
3.35146e-07
2.20169e-07
-3.08442e-08
-3.40151e-07
-6.33932e-07
-7.88155e-07
-7.2736e-07
-4.68053e-07
-1.11481e-07
2.09259e-07
3.20811e-07
2.16011e-07
-2.3922e-08
-3.24419e-07
-6.15269e-07
-7.73865e-07
-7.22953e-07
-4.75053e-07
-1.2717e-07
1.90321e-07
3.05337e-07
2.0921e-07
-2.01517e-08
-3.11152e-07
-5.97449e-07
-7.58505e-07
-7.15927e-07
-4.78889e-07
-1.40313e-07
1.72241e-07
2.89604e-07
2.00118e-07
-1.97465e-08
-3.01033e-07
-5.8139e-07
-7.42935e-07
-7.06696e-07
-4.79382e-07
-1.50221e-07
1.56002e-07
2.74811e-07
1.89401e-07
-2.2852e-08
-2.94937e-07
-5.68379e-07
-7.28317e-07
-6.96028e-07
-4.7646e-07
-1.56018e-07
1.43015e-07
2.63025e-07
1.78473e-07
-2.89879e-08
-2.93626e-07
-5.60136e-07
-7.16586e-07
-6.8545e-07
-4.70681e-07
-1.57002e-07
1.35142e-07
2.57528e-07
1.71145e-07
-3.49117e-08
-2.95798e-07
-5.57884e-07
-7.11226e-07
-6.7829e-07
-4.6487e-07
-1.54583e-07
1.33092e-07
2.14863e-07
-3.98362e-08
-3.3217e-07
-5.77813e-07
-7.12375e-07
-6.71768e-07
-4.5953e-07
-1.52781e-07
1.31558e-07
2.89583e-07
2.12654e-07
-4.09886e-08
-3.32144e-07
-5.76482e-07
-7.10318e-07
-6.69592e-07
-4.58205e-07
-1.52798e-07
1.30229e-07
2.87376e-07
2.09524e-07
-4.15031e-08
-3.30494e-07
-5.72984e-07
-7.05969e-07
-6.66475e-07
-4.5725e-07
-1.54399e-07
1.26671e-07
2.82786e-07
2.06587e-07
-4.0776e-08
-3.2712e-07
-5.67943e-07
-7.01154e-07
-6.6363e-07
-4.57514e-07
-1.57685e-07
1.21642e-07
2.77517e-07
2.04311e-07
-3.88674e-08
-3.22505e-07
-5.62093e-07
-6.9625e-07
-6.61485e-07
-4.58995e-07
-1.62201e-07
1.15847e-07
2.72179e-07
2.02896e-07
-3.59541e-08
-3.17084e-07
-5.55957e-07
-6.9167e-07
-6.6021e-07
-4.61523e-07
-1.67525e-07
1.09785e-07
2.67197e-07
2.0241e-07
-3.21955e-08
-3.11181e-07
-5.49897e-07
-6.87701e-07
-6.59867e-07
-4.64929e-07
-1.73337e-07
1.03809e-07
2.62852e-07
2.02858e-07
-2.77432e-08
-3.0506e-07
-5.44181e-07
-6.84523e-07
-6.60459e-07
-4.69053e-07
-1.79374e-07
9.81857e-08
2.59319e-07
2.04196e-07
-2.27547e-08
-2.98941e-07
-5.39009e-07
-6.82234e-07
-6.61942e-07
-4.73727e-07
-1.85408e-07
9.31127e-08
2.56683e-07
2.06342e-07
-1.73896e-08
-2.93013e-07
-5.34525e-07
-6.80872e-07
-6.64238e-07
-4.78784e-07
-1.91249e-07
8.87299e-08
2.54976e-07
2.09191e-07
-1.18031e-08
-2.87427e-07
-5.30818e-07
-6.80429e-07
-6.67239e-07
-4.84062e-07
-1.96743e-07
8.51246e-08
2.54181e-07
2.12622e-07
-6.14062e-09
-2.82303e-07
-5.27934e-07
-6.80855e-07
-6.70824e-07
-4.89411e-07
-2.01771e-07
8.2339e-08
2.54249e-07
2.16507e-07
-5.34748e-10
-2.77727e-07
-5.25881e-07
-6.82076e-07
-6.74861e-07
-4.94699e-07
-2.06247e-07
8.03777e-08
2.55102e-07
2.20717e-07
4.89723e-09
-2.73758e-07
-5.24634e-07
-6.83995e-07
-6.79219e-07
-4.99807e-07
-2.10115e-07
7.92143e-08
2.56647e-07
2.25128e-07
1.00546e-08
-2.70428e-07
-5.24146e-07
-6.86499e-07
-6.83768e-07
-5.04638e-07
-2.13348e-07
7.87972e-08
2.58777e-07
2.29622e-07
1.48541e-08
-2.67747e-07
-5.24349e-07
-6.8947e-07
-6.88383e-07
-5.09113e-07
-2.15941e-07
7.90548e-08
2.61381e-07
2.34094e-07
1.92305e-08
-2.65704e-07
-5.25158e-07
-6.92785e-07
-6.92953e-07
-5.13173e-07
-2.17912e-07
7.98999e-08
2.64345e-07
2.38453e-07
2.31368e-08
-2.64268e-07
-5.26479e-07
-6.96323e-07
-6.97377e-07
-5.1678e-07
-2.19298e-07
8.12341e-08
2.67558e-07
2.42619e-07
2.65436e-08
-2.63395e-07
-5.28208e-07
-6.99963e-07
-7.01568e-07
-5.19913e-07
-2.20154e-07
8.29506e-08
2.70914e-07
2.46529e-07
2.94388e-08
-2.63023e-07
-5.30238e-07
-7.03594e-07
-7.05455e-07
-5.22569e-07
-2.20547e-07
8.49378e-08
2.74312e-07
2.50132e-07
3.18262e-08
-2.63082e-07
-5.32456e-07
-7.0711e-07
-7.08979e-07
-5.24762e-07
-2.20555e-07
8.70825e-08
2.77656e-07
2.53386e-07
3.37238e-08
-2.63492e-07
-5.34755e-07
-7.10415e-07
-7.12096e-07
-5.26515e-07
-2.20261e-07
8.9275e-08
2.8086e-07
2.56262e-07
3.51614e-08
-2.64172e-07
-5.37031e-07
-7.13428e-07
-7.14776e-07
-5.27861e-07
-2.19749e-07
9.14153e-08
2.83845e-07
2.58741e-07
3.61776e-08
-2.65045e-07
-5.39201e-07
-7.16088e-07
-7.17006e-07
-5.28839e-07
-2.19092e-07
9.34226e-08
2.86545e-07
2.60818e-07
3.68183e-08
-2.66047e-07
-5.41205e-07
-7.18363e-07
-7.18793e-07
-5.2949e-07
-2.18347e-07
9.52462e-08
2.88923e-07
2.62514e-07
3.71374e-08
-2.67129e-07
-5.43022e-07
-7.20266e-07
-7.20174e-07
-5.29859e-07
-2.1755e-07
9.68756e-08
2.90973e-07
2.63882e-07
3.72007e-08
-2.68265e-07
-5.44675e-07
-7.21858e-07
-7.21221e-07
-5.30001e-07
-2.16714e-07
9.83464e-08
2.9274e-07
2.65022e-07
3.70953e-08
-2.69439e-07
-5.46228e-07
-7.23255e-07
-7.22058e-07
-5.29992e-07
-2.15839e-07
9.97364e-08
2.94322e-07
2.66085e-07
3.69398e-08
-2.70632e-07
-5.47775e-07
-7.24624e-07
-7.22854e-07
-5.29941e-07
-2.14928e-07
1.0115e-07
2.95868e-07
2.67275e-07
3.68943e-08
-2.71804e-07
-5.4941e-07
-7.26158e-07
-7.23825e-07
-5.30002e-07
-2.14014e-07
1.02692e-07
2.97562e-07
2.68829e-07
3.71627e-08
-2.72869e-07
-5.51202e-07
-7.2805e-07
-7.25214e-07
-5.30374e-07
-2.13176e-07
1.04429e-07
2.9959e-07
2.70997e-07
3.79868e-08
-2.73683e-07
-5.53157e-07
-7.30454e-07
-7.27265e-07
-5.31299e-07
-2.12564e-07
1.06365e-07
3.02109e-07
2.74009e-07
3.96283e-08
-2.74038e-07
-5.55199e-07
-7.33456e-07
-7.30191e-07
-5.3304e-07
-2.12392e-07
1.08412e-07
3.05212e-07
2.78044e-07
4.2344e-08
-2.7368e-07
-5.57168e-07
-7.3705e-07
-7.3415e-07
-5.35859e-07
-2.12929e-07
1.10394e-07
3.08907e-07
2.83208e-07
4.63589e-08
-2.72329e-07
-5.58829e-07
-7.41141e-07
-7.39223e-07
-5.39987e-07
-2.14472e-07
1.12058e-07
3.13113e-07
2.89523e-07
5.18429e-08
-2.69706e-07
-5.59898e-07
-7.45549e-07
-7.45405e-07
-5.456e-07
-2.17314e-07
1.13104e-07
3.17667e-07
2.96925e-07
5.88956e-08
-2.65568e-07
-5.60078e-07
-7.50036e-07
-7.52614e-07
-5.52804e-07
-2.21712e-07
1.13217e-07
3.22343e-07
3.05273e-07
6.75398e-08
-2.59725e-07
-5.5908e-07
-7.54327e-07
-7.60694e-07
-5.61625e-07
-2.27865e-07
1.12099e-07
3.26874e-07
3.14364e-07
7.77229e-08
-2.52053e-07
-5.56651e-07
-7.58136e-07
-7.69434e-07
-5.72008e-07
-2.35898e-07
1.0949e-07
3.30974e-07
3.23943e-07
8.93232e-08
-2.42501e-07
-5.52585e-07
-7.61178e-07
-7.78582e-07
-5.83828e-07
-2.45861e-07
1.05184e-07
3.34355e-07
3.3372e-07
1.02158e-07
-2.31089e-07
-5.46729e-07
-7.63186e-07
-7.87855e-07
-5.96894e-07
-2.57725e-07
9.90311e-08
3.36738e-07
3.43378e-07
1.15989e-07
-2.17906e-07
-5.38987e-07
-7.63914e-07
-7.96948e-07
-6.10957e-07
-2.71393e-07
9.09438e-08
3.3786e-07
3.52582e-07
1.30536e-07
-2.03101e-07
-5.2932e-07
-7.63143e-07
-8.05546e-07
-6.25722e-07
-2.86701e-07
8.08914e-08
3.37483e-07
3.60993e-07
1.45476e-07
-1.86884e-07
-5.17742e-07
-7.60684e-07
-8.13325e-07
-6.40854e-07
-3.03425e-07
6.89004e-08
3.354e-07
3.68268e-07
1.60451e-07
-1.69519e-07
-5.04321e-07
-7.56383e-07
-8.19964e-07
-6.55985e-07
-3.21289e-07
5.50532e-08
3.31438e-07
3.74079e-07
1.7508e-07
-1.51321e-07
-4.89185e-07
-7.50126e-07
-8.25152e-07
-6.70723e-07
-3.39967e-07
3.94879e-08
3.25467e-07
3.78112e-07
1.88962e-07
-1.32648e-07
-4.72513e-07
-7.41845e-07
-8.28597e-07
-6.84658e-07
-3.59087e-07
2.2399e-08
3.17406e-07
3.8009e-07
2.01689e-07
-1.13901e-07
-4.54545e-07
-7.31523e-07
-8.30034e-07
-6.9738e-07
-3.78241e-07
4.03852e-09
3.07231e-07
3.79776e-07
2.12857e-07
-9.55104e-08
-4.35579e-07
-7.1921e-07
-8.29245e-07
-7.08483e-07
-3.96993e-07
-1.52846e-08
2.94986e-07
3.76997e-07
2.22085e-07
-7.79292e-08
-4.15965e-07
-7.05022e-07
-8.26066e-07
-7.17588e-07
-4.14883e-07
-3.52054e-08
2.80786e-07
3.71655e-07
2.29026e-07
-6.16213e-08
-3.96115e-07
-6.89156e-07
-8.20411e-07
-7.24355e-07
-4.31447e-07
-5.53047e-08
2.64833e-07
3.63747e-07
2.33394e-07
-4.70471e-08
-3.76489e-07
-6.71899e-07
-8.12282e-07
-7.28503e-07
-4.46223e-07
-7.51125e-08
2.4742e-07
3.53388e-07
2.34983e-07
-3.46465e-08
-3.57599e-07
-6.53638e-07
-8.01794e-07
-7.29839e-07
-4.58777e-07
-9.41123e-08
2.28944e-07
3.40831e-07
2.33693e-07
-2.48176e-08
-3.39996e-07
-6.34868e-07
-7.892e-07
-7.28278e-07
-4.68716e-07
-1.1175e-07
2.09919e-07
3.26499e-07
2.29564e-07
-1.78894e-08
-3.24256e-07
-6.16203e-07
-7.74912e-07
-7.23878e-07
-4.75726e-07
-1.27446e-07
1.9098e-07
3.11027e-07
2.22786e-07
-1.41134e-08
-3.10981e-07
-5.9838e-07
-7.59552e-07
-7.16857e-07
-4.79569e-07
-1.40597e-07
1.72898e-07
2.95293e-07
2.13713e-07
-1.3703e-08
-3.00853e-07
-5.82316e-07
-7.43982e-07
-7.0763e-07
-4.8007e-07
-1.50513e-07
1.56655e-07
2.80498e-07
2.03008e-07
-1.68042e-08
-2.9475e-07
-5.69301e-07
-7.29364e-07
-6.96964e-07
-4.77154e-07
-1.56317e-07
1.43663e-07
2.68707e-07
1.92086e-07
-2.29379e-08
-2.93432e-07
-5.61052e-07
-7.17629e-07
-6.86387e-07
-4.71378e-07
-1.57307e-07
1.35783e-07
2.63206e-07
1.84759e-07
-2.88634e-08
-2.95603e-07
-5.58797e-07
-7.12266e-07
-6.79224e-07
-4.65566e-07
-1.5489e-07
1.33729e-07
2.18048e-07
-3.32549e-08
-3.28271e-07
-5.77371e-07
-7.12874e-07
-6.72613e-07
-4.60366e-07
-1.53387e-07
1.31384e-07
2.90246e-07
2.1584e-07
-3.44059e-08
-3.28245e-07
-5.76042e-07
-7.10818e-07
-6.70437e-07
-4.5904e-07
-1.53404e-07
1.30056e-07
2.8804e-07
2.12712e-07
-3.49173e-08
-3.26595e-07
-5.72544e-07
-7.06479e-07
-6.6732e-07
-4.58085e-07
-1.55003e-07
1.265e-07
2.83452e-07
2.09777e-07
-3.41851e-08
-3.23221e-07
-5.67503e-07
-7.01663e-07
-6.64475e-07
-4.58348e-07
-1.58288e-07
1.21473e-07
2.78185e-07
2.07503e-07
-3.22695e-08
-3.18604e-07
-5.61653e-07
-6.96758e-07
-6.62329e-07
-4.59828e-07
-1.62803e-07
1.15678e-07
2.72847e-07
2.0609e-07
-2.93477e-08
-3.13179e-07
-5.55516e-07
-6.92177e-07
-6.61053e-07
-4.62355e-07
-1.68126e-07
1.09617e-07
2.67865e-07
2.05608e-07
-2.55785e-08
-3.07272e-07
-5.49454e-07
-6.88207e-07
-6.60709e-07
-4.65761e-07
-1.73938e-07
1.03641e-07
2.6352e-07
2.0606e-07
-2.11137e-08
-3.01144e-07
-5.43736e-07
-6.85027e-07
-6.613e-07
-4.69885e-07
-1.79975e-07
9.8017e-08
2.59985e-07
2.07402e-07
-1.61108e-08
-2.95019e-07
-5.38561e-07
-6.82736e-07
-6.62782e-07
-4.74559e-07
-1.8601e-07
9.29427e-08
2.57348e-07
2.09552e-07
-1.07295e-08
-2.89083e-07
-5.34073e-07
-6.81372e-07
-6.65076e-07
-4.79615e-07
-1.91853e-07
8.85583e-08
2.5564e-07
2.12407e-07
-5.1251e-09
-2.83488e-07
-5.30363e-07
-6.80926e-07
-6.68076e-07
-4.84894e-07
-1.97348e-07
8.49509e-08
2.54843e-07
2.15844e-07
5.56732e-10
-2.78354e-07
-5.27475e-07
-6.8135e-07
-6.71659e-07
-4.90244e-07
-2.02377e-07
8.21628e-08
2.54909e-07
2.19735e-07
6.18337e-09
-2.73767e-07
-5.25417e-07
-6.82568e-07
-6.75696e-07
-4.95532e-07
-2.06855e-07
8.01989e-08
2.5576e-07
2.23953e-07
1.16374e-08
-2.69787e-07
-5.24166e-07
-6.84483e-07
-6.80053e-07
-5.00641e-07
-2.10726e-07
7.90326e-08
2.57303e-07
2.28371e-07
1.68178e-08
-2.66445e-07
-5.23673e-07
-6.86985e-07
-6.846e-07
-5.05474e-07
-2.13961e-07
7.86125e-08
2.59432e-07
2.32873e-07
2.16414e-08
-2.63752e-07
-5.23871e-07
-6.89953e-07
-6.89215e-07
-5.0995e-07
-2.16557e-07
7.88669e-08
2.62033e-07
2.37355e-07
2.60427e-08
-2.61696e-07
-5.24675e-07
-6.93266e-07
-6.93784e-07
-5.14012e-07
-2.18531e-07
7.9709e-08
2.64996e-07
2.41722e-07
2.99745e-08
-2.60247e-07
-5.25991e-07
-6.96801e-07
-6.98208e-07
-5.1762e-07
-2.1992e-07
8.10401e-08
2.68207e-07
2.45898e-07
3.3407e-08
-2.59361e-07
-5.27716e-07
-7.0044e-07
-7.02399e-07
-5.20755e-07
-2.20778e-07
8.27538e-08
2.71562e-07
2.49817e-07
3.63283e-08
-2.58976e-07
-5.29742e-07
-7.04069e-07
-7.06286e-07
-5.23413e-07
-2.21174e-07
8.47384e-08
2.74959e-07
2.5343e-07
3.8742e-08
-2.59022e-07
-5.31956e-07
-7.07583e-07
-7.09809e-07
-5.25607e-07
-2.21184e-07
8.68808e-08
2.78304e-07
2.56694e-07
4.06661e-08
-2.5942e-07
-5.34251e-07
-7.10887e-07
-7.12927e-07
-5.27362e-07
-2.20893e-07
8.90711e-08
2.81507e-07
2.59581e-07
4.21303e-08
-2.60087e-07
-5.36524e-07
-7.13899e-07
-7.15607e-07
-5.2871e-07
-2.20383e-07
9.12096e-08
2.84491e-07
2.6207e-07
4.31733e-08
-2.60948e-07
-5.38691e-07
-7.16557e-07
-7.17837e-07
-5.29689e-07
-2.19727e-07
9.32155e-08
2.87193e-07
2.64159e-07
4.38408e-08
-2.61938e-07
-5.40692e-07
-7.18832e-07
-7.19624e-07
-5.30341e-07
-2.18984e-07
9.5038e-08
2.89571e-07
2.65865e-07
4.41866e-08
-2.63009e-07
-5.42507e-07
-7.20734e-07
-7.21005e-07
-5.3071e-07
-2.18188e-07
9.66665e-08
2.91622e-07
2.67244e-07
4.42767e-08
-2.64134e-07
-5.44157e-07
-7.22325e-07
-7.22053e-07
-5.30853e-07
-2.17352e-07
9.81366e-08
2.93389e-07
2.68393e-07
4.41978e-08
-2.65296e-07
-5.45708e-07
-7.23721e-07
-7.22889e-07
-5.30844e-07
-2.16478e-07
9.95261e-08
2.94972e-07
2.69466e-07
4.40687e-08
-2.66479e-07
-5.47252e-07
-7.25089e-07
-7.23684e-07
-5.30794e-07
-2.15567e-07
1.0094e-07
2.96519e-07
2.70665e-07
4.40492e-08
-2.67642e-07
-5.48886e-07
-7.26622e-07
-7.24654e-07
-5.30854e-07
-2.14652e-07
1.02481e-07
2.98212e-07
2.72228e-07
4.43432e-08
-2.68698e-07
-5.50677e-07
-7.28513e-07
-7.26041e-07
-5.31224e-07
-2.13814e-07
1.04218e-07
3.00241e-07
2.74404e-07
4.51923e-08
-2.69503e-07
-5.5263e-07
-7.30915e-07
-7.28089e-07
-5.32147e-07
-2.13201e-07
1.06154e-07
3.02759e-07
2.77423e-07
4.6858e-08
-2.69851e-07
-5.54671e-07
-7.33914e-07
-7.31012e-07
-5.33885e-07
-2.13026e-07
1.08201e-07
3.05862e-07
2.81464e-07
4.95973e-08
-2.69487e-07
-5.56639e-07
-7.37507e-07
-7.34968e-07
-5.367e-07
-2.13561e-07
1.10184e-07
3.09557e-07
2.86634e-07
5.36352e-08
-2.68129e-07
-5.583e-07
-7.41596e-07
-7.40036e-07
-5.40823e-07
-2.151e-07
1.11851e-07
3.13764e-07
2.92953e-07
5.91418e-08
-2.65503e-07
-5.59371e-07
-7.46003e-07
-7.46215e-07
-5.46432e-07
-2.17937e-07
1.129e-07
3.18318e-07
3.0036e-07
6.62166e-08
-2.61362e-07
-5.59553e-07
-7.5049e-07
-7.5342e-07
-5.5363e-07
-2.22329e-07
1.13017e-07
3.22995e-07
3.08713e-07
7.48827e-08
-2.55518e-07
-5.58559e-07
-7.54782e-07
-7.61496e-07
-5.62444e-07
-2.28475e-07
1.11905e-07
3.27529e-07
3.1781e-07
8.50878e-08
-2.47846e-07
-5.56135e-07
-7.58592e-07
-7.70234e-07
-5.7282e-07
-2.365e-07
1.09303e-07
3.31633e-07
3.27395e-07
9.67104e-08
-2.38295e-07
-5.52075e-07
-7.61637e-07
-7.7938e-07
-5.84634e-07
-2.46454e-07
1.05004e-07
3.35019e-07
3.37178e-07
1.09568e-07
-2.26885e-07
-5.46227e-07
-7.6365e-07
-7.88651e-07
-5.97693e-07
-2.58308e-07
9.88611e-08
3.37408e-07
3.46842e-07
1.23423e-07
-2.13703e-07
-5.38495e-07
-7.64384e-07
-7.97744e-07
-6.11749e-07
-2.71966e-07
9.07843e-08
3.38537e-07
3.56055e-07
1.37994e-07
-1.98901e-07
-5.28838e-07
-7.6362e-07
-8.06342e-07
-6.26509e-07
-2.87264e-07
8.07433e-08
3.3817e-07
3.64474e-07
1.52959e-07
-1.82687e-07
-5.1727e-07
-7.61169e-07
-8.14123e-07
-6.41637e-07
-3.03978e-07
6.87644e-08
3.36097e-07
3.7176e-07
1.6796e-07
-1.65325e-07
-5.03861e-07
-7.56878e-07
-8.20766e-07
-6.56764e-07
-3.21833e-07
5.49298e-08
3.32147e-07
3.77581e-07
1.82616e-07
-1.47129e-07
-4.88736e-07
-7.50632e-07
-8.2596e-07
-6.71499e-07
-3.40501e-07
3.93775e-08
3.26188e-07
3.81627e-07
1.96526e-07
-1.28459e-07
-4.72076e-07
-7.42362e-07
-8.2941e-07
-6.85433e-07
-3.59612e-07
2.23014e-08
3.1814e-07
3.83618e-07
2.09282e-07
-1.09714e-07
-4.5412e-07
-7.32053e-07
-8.30855e-07
-6.98155e-07
-3.78759e-07
3.9536e-09
3.0798e-07
3.83318e-07
2.20479e-07
-9.1324e-08
-4.35165e-07
-7.19753e-07
-8.30075e-07
-7.0926e-07
-3.97505e-07
-1.53575e-08
2.95749e-07
3.80554e-07
2.29736e-07
-7.37425e-08
-4.15562e-07
-7.05578e-07
-8.26907e-07
-7.18368e-07
-4.15391e-07
-3.52673e-08
2.81564e-07
3.75227e-07
2.36707e-07
-5.74331e-08
-3.9572e-07
-6.89725e-07
-8.21262e-07
-7.2514e-07
-4.31951e-07
-5.53569e-08
2.65624e-07
3.67334e-07
2.41105e-07
-4.28559e-08
-3.76103e-07
-6.72481e-07
-8.13145e-07
-7.29295e-07
-4.46727e-07
-7.51564e-08
2.48224e-07
3.5699e-07
2.42722e-07
-3.04509e-08
-3.57219e-07
-6.54232e-07
-8.0267e-07
-7.30639e-07
-4.59282e-07
-9.41498e-08
2.29762e-07
3.44448e-07
2.41459e-07
-2.06159e-08
-3.3962e-07
-6.35472e-07
-7.90087e-07
-7.29088e-07
-4.69225e-07
-1.11783e-07
2.10748e-07
3.3013e-07
2.37355e-07
-1.36803e-08
-3.23882e-07
-6.16816e-07
-7.75811e-07
-7.24697e-07
-4.76239e-07
-1.27477e-07
1.91818e-07
3.1467e-07
2.30601e-07
-9.89541e-09
-3.10607e-07
-5.99e-07
-7.60463e-07
-7.17688e-07
-4.80089e-07
-1.40628e-07
1.73743e-07
2.98946e-07
2.21547e-07
-9.47496e-09
-3.00476e-07
-5.82941e-07
-7.44902e-07
-7.08471e-07
-4.80598e-07
-1.50547e-07
1.57504e-07
2.8416e-07
2.10858e-07
-1.25655e-08
-2.94367e-07
-5.69927e-07
-7.30292e-07
-6.97815e-07
-4.77691e-07
-1.56356e-07
1.44513e-07
2.72371e-07
1.99947e-07
-1.86892e-08
-2.93043e-07
-5.61677e-07
-7.18561e-07
-6.87244e-07
-4.71923e-07
-1.57351e-07
1.36632e-07
2.6687e-07
1.92625e-07
-2.46085e-08
-2.95207e-07
-5.59419e-07
-7.13198e-07
-6.80086e-07
-4.66116e-07
-1.54939e-07
1.34575e-07
2.19284e-07
-3.13756e-08
-3.27142e-07
-5.77295e-07
-7.13193e-07
-6.73018e-07
-4.60686e-07
-1.53572e-07
1.31403e-07
2.90527e-07
2.17081e-07
-3.25241e-08
-3.27116e-07
-5.75969e-07
-7.11141e-07
-6.70847e-07
-4.59364e-07
-1.53588e-07
1.30079e-07
2.88327e-07
2.13959e-07
-3.30364e-08
-3.2547e-07
-5.7248e-07
-7.06824e-07
-6.67736e-07
-4.58409e-07
-1.55183e-07
1.26531e-07
2.83751e-07
2.11028e-07
-3.23089e-08
-3.22105e-07
-5.6745e-07
-7.02018e-07
-6.64896e-07
-4.5867e-07
-1.5846e-07
1.21514e-07
2.78493e-07
2.08758e-07
-3.0401e-08
-3.17498e-07
-5.61612e-07
-6.97121e-07
-6.62752e-07
-4.60145e-07
-1.62964e-07
1.15731e-07
2.73164e-07
2.07345e-07
-2.74889e-08
-3.12085e-07
-5.55487e-07
-6.92548e-07
-6.61477e-07
-4.62664e-07
-1.68275e-07
1.09683e-07
2.6819e-07
2.06862e-07
-2.37312e-08
-3.06191e-07
-5.49437e-07
-6.88584e-07
-6.61131e-07
-4.6606e-07
-1.74074e-07
1.03718e-07
2.63851e-07
2.0731e-07
-1.92793e-08
-3.00076e-07
-5.4373e-07
-6.85408e-07
-6.61717e-07
-4.70173e-07
-1.80097e-07
9.81047e-08
2.60321e-07
2.08647e-07
-1.42902e-08
-2.93963e-07
-5.38565e-07
-6.83119e-07
-6.63193e-07
-4.74835e-07
-1.86119e-07
9.30401e-08
2.57687e-07
2.10791e-07
-8.92322e-09
-2.88039e-07
-5.34085e-07
-6.81755e-07
-6.6548e-07
-4.79879e-07
-1.91948e-07
8.86639e-08
2.55979e-07
2.13637e-07
-3.3333e-09
-2.82456e-07
-5.30381e-07
-6.81308e-07
-6.68471e-07
-4.85144e-07
-1.97431e-07
8.50632e-08
2.55181e-07
2.17066e-07
2.33424e-09
-2.77331e-07
-5.27498e-07
-6.81728e-07
-6.72044e-07
-4.90481e-07
-2.02449e-07
8.22802e-08
2.55244e-07
2.20948e-07
7.94707e-09
-2.72753e-07
-5.25444e-07
-6.82942e-07
-6.7607e-07
-4.95756e-07
-2.06917e-07
8.03198e-08
2.56091e-07
2.25155e-07
1.3388e-08
-2.6878e-07
-5.24194e-07
-6.84852e-07
-6.80416e-07
-5.00853e-07
-2.10779e-07
7.91555e-08
2.57628e-07
2.29563e-07
1.85562e-08
-2.65444e-07
-5.23702e-07
-6.87346e-07
-6.84952e-07
-5.05673e-07
-2.14006e-07
7.8736e-08
2.5975e-07
2.34056e-07
2.33687e-08
-2.62756e-07
-5.23899e-07
-6.90307e-07
-6.89555e-07
-5.10138e-07
-2.16595e-07
7.89899e-08
2.62345e-07
2.38528e-07
2.77602e-08
-2.60703e-07
-5.24701e-07
-6.93612e-07
-6.94113e-07
-5.1419e-07
-2.18564e-07
7.98304e-08
2.65299e-07
2.42886e-07
3.16833e-08
-2.59257e-07
-5.26015e-07
-6.97139e-07
-6.98526e-07
-5.17789e-07
-2.19949e-07
8.11592e-08
2.68503e-07
2.47054e-07
3.51088e-08
-2.58372e-07
-5.27736e-07
-7.0077e-07
-7.02708e-07
-5.20916e-07
-2.20804e-07
8.287e-08
2.71851e-07
2.50966e-07
3.80243e-08
-2.57988e-07
-5.29758e-07
-7.04391e-07
-7.06586e-07
-5.23568e-07
-2.21197e-07
8.48514e-08
2.7524e-07
2.54572e-07
4.04337e-08
-2.58033e-07
-5.31968e-07
-7.07898e-07
-7.10102e-07
-5.25756e-07
-2.21206e-07
8.69905e-08
2.78578e-07
2.57832e-07
4.23548e-08
-2.58429e-07
-5.34259e-07
-7.11196e-07
-7.13212e-07
-5.27505e-07
-2.20914e-07
8.91777e-08
2.81775e-07
2.60714e-07
4.38171e-08
-2.59095e-07
-5.36529e-07
-7.14202e-07
-7.15886e-07
-5.28849e-07
-2.20403e-07
9.13134e-08
2.84755e-07
2.63201e-07
4.48594e-08
-2.59955e-07
-5.38693e-07
-7.16856e-07
-7.18112e-07
-5.29825e-07
-2.19747e-07
9.33169e-08
2.87452e-07
2.65288e-07
4.55272e-08
-2.60942e-07
-5.40691e-07
-7.19127e-07
-7.19896e-07
-5.30475e-07
-2.19003e-07
9.51378e-08
2.89826e-07
2.66994e-07
4.5874e-08
-2.62012e-07
-5.42504e-07
-7.21027e-07
-7.21273e-07
-5.30842e-07
-2.18207e-07
9.67654e-08
2.91875e-07
2.68373e-07
4.59657e-08
-2.63135e-07
-5.44154e-07
-7.22616e-07
-7.22319e-07
-5.30983e-07
-2.1737e-07
9.82352e-08
2.93642e-07
2.69523e-07
4.58889e-08
-2.64296e-07
-5.45705e-07
-7.24011e-07
-7.23153e-07
-5.30972e-07
-2.16494e-07
9.96252e-08
2.95224e-07
2.70596e-07
4.5762e-08
-2.65479e-07
-5.47249e-07
-7.25379e-07
-7.23947e-07
-5.30919e-07
-2.15582e-07
1.0104e-07
2.96771e-07
2.71796e-07
4.57444e-08
-2.66641e-07
-5.48884e-07
-7.26911e-07
-7.24915e-07
-5.30977e-07
-2.14665e-07
1.02582e-07
2.98465e-07
2.73358e-07
4.604e-08
-2.67698e-07
-5.50675e-07
-7.28801e-07
-7.26299e-07
-5.31344e-07
-2.13824e-07
1.04322e-07
3.00494e-07
2.75534e-07
4.689e-08
-2.68505e-07
-5.5263e-07
-7.31203e-07
-7.28344e-07
-5.32262e-07
-2.13206e-07
1.0626e-07
3.03013e-07
2.78552e-07
4.85559e-08
-2.68855e-07
-5.54674e-07
-7.34202e-07
-7.31264e-07
-5.33995e-07
-2.13026e-07
1.0831e-07
3.06116e-07
2.82591e-07
5.12944e-08
-2.68495e-07
-5.56645e-07
-7.37794e-07
-7.35215e-07
-5.36803e-07
-2.13554e-07
1.10297e-07
3.09812e-07
2.87759e-07
5.53305e-08
-2.67144e-07
-5.5831e-07
-7.41883e-07
-7.40278e-07
-5.40918e-07
-2.15085e-07
1.11968e-07
3.14019e-07
2.94075e-07
6.08343e-08
-2.64525e-07
-5.59387e-07
-7.4629e-07
-7.46451e-07
-5.46517e-07
-2.17913e-07
1.13024e-07
3.18575e-07
3.01479e-07
6.79055e-08
-2.60393e-07
-5.59576e-07
-7.50778e-07
-7.5365e-07
-5.53705e-07
-2.22294e-07
1.13149e-07
3.23255e-07
3.09829e-07
7.65673e-08
-2.54559e-07
-5.58591e-07
-7.55072e-07
-7.61721e-07
-5.62507e-07
-2.28426e-07
1.12046e-07
3.27792e-07
3.18922e-07
8.67675e-08
-2.469e-07
-5.56178e-07
-7.58886e-07
-7.70453e-07
-5.72872e-07
-2.36437e-07
1.09456e-07
3.31901e-07
3.28505e-07
9.8385e-08
-2.37363e-07
-5.52131e-07
-7.61937e-07
-7.79594e-07
-5.84672e-07
-2.46374e-07
1.05172e-07
3.35294e-07
3.38287e-07
1.11237e-07
-2.25968e-07
-5.46298e-07
-7.63957e-07
-7.88862e-07
-5.97717e-07
-2.5821e-07
9.90445e-08
3.37691e-07
3.47951e-07
1.25088e-07
-2.12804e-07
-5.38583e-07
-7.647e-07
-7.97952e-07
-6.11761e-07
-2.71849e-07
9.09856e-08
3.38831e-07
3.57165e-07
1.39655e-07
-1.98019e-07
-5.28944e-07
-7.63948e-07
-8.06549e-07
-6.26508e-07
-2.87127e-07
8.09643e-08
3.38476e-07
3.65587e-07
1.54616e-07
-1.81824e-07
-5.17397e-07
-7.61511e-07
-8.14331e-07
-6.41623e-07
-3.0382e-07
6.90068e-08
3.36418e-07
3.72877e-07
1.69615e-07
-1.6448e-07
-5.04009e-07
-7.57235e-07
-8.20977e-07
-6.56739e-07
-3.21654e-07
5.5195e-08
3.32484e-07
3.78705e-07
1.84271e-07
-1.46303e-07
-4.88907e-07
-7.51006e-07
-8.26175e-07
-6.71464e-07
-3.40301e-07
3.96663e-08
3.26544e-07
3.8276e-07
1.98182e-07
-1.2765e-07
-4.72271e-07
-7.42756e-07
-8.29632e-07
-6.8539e-07
-3.59393e-07
2.26147e-08
3.18516e-07
3.84761e-07
2.10942e-07
-1.08921e-07
-4.54339e-07
-7.32468e-07
-8.31086e-07
-6.98106e-07
-3.78521e-07
4.29144e-09
3.08378e-07
3.84475e-07
2.22145e-07
-9.0546e-08
-4.35407e-07
-7.20189e-07
-8.30317e-07
-7.09208e-07
-3.9725e-07
-1.49954e-08
2.9617e-07
3.81726e-07
2.31411e-07
-7.29774e-08
-4.15826e-07
-7.06037e-07
-8.27162e-07
-7.18315e-07
-4.15121e-07
-3.48816e-08
2.82009e-07
3.76416e-07
2.38392e-07
-5.66783e-08
-3.96007e-07
-6.90207e-07
-8.21533e-07
-7.25088e-07
-4.31669e-07
-5.4949e-08
2.66094e-07
3.68542e-07
2.42803e-07
-4.21088e-08
-3.76408e-07
-6.72987e-07
-8.13433e-07
-7.29248e-07
-4.46435e-07
-7.47281e-08
2.48719e-07
3.58218e-07
2.44436e-07
-2.97083e-08
-3.57542e-07
-6.54761e-07
-8.02977e-07
-7.306e-07
-4.58983e-07
-9.37035e-08
2.30279e-07
3.45697e-07
2.43193e-07
-1.98746e-08
-3.39957e-07
-6.36022e-07
-7.90414e-07
-7.29058e-07
-4.68923e-07
-1.11321e-07
2.11288e-07
3.31399e-07
2.39109e-07
-1.29367e-08
-3.2423e-07
-6.17386e-07
-7.76157e-07
-7.24681e-07
-4.75938e-07
-1.27003e-07
1.92379e-07
3.15959e-07
2.32375e-07
-9.14622e-09
-3.10963e-07
-5.99587e-07
-7.60828e-07
-7.17685e-07
-4.79792e-07
-1.40147e-07
1.74322e-07
3.00254e-07
2.23343e-07
-8.71698e-09
-3.00835e-07
-5.83542e-07
-7.45286e-07
-7.08484e-07
-4.80308e-07
-1.50061e-07
1.58097e-07
2.85485e-07
2.12673e-07
-1.1796e-08
-2.94725e-07
-5.70537e-07
-7.30693e-07
-6.97843e-07
-4.7741e-07
-1.55871e-07
1.45116e-07
2.73706e-07
2.0178e-07
-1.7907e-08
-2.93395e-07
-5.6229e-07
-7.18972e-07
-6.87286e-07
-4.71653e-07
-1.56872e-07
1.37238e-07
2.68208e-07
1.94467e-07
-2.3817e-08
-2.95552e-07
-5.6003e-07
-7.13611e-07
-6.80135e-07
-4.65855e-07
-1.54466e-07
1.35179e-07
2.18148e-07
-3.28947e-08
-3.2772e-07
-5.7675e-07
-7.12598e-07
-6.72718e-07
-4.60704e-07
-1.53816e-07
1.31097e-07
2.9013e-07
2.1596e-07
-3.40306e-08
-3.27688e-07
-5.75428e-07
-7.10557e-07
-6.70561e-07
-4.59394e-07
-1.53837e-07
1.29776e-07
2.87941e-07
2.12858e-07
-3.45311e-08
-3.26045e-07
-5.71953e-07
-7.06258e-07
-6.67471e-07
-4.5845e-07
-1.55429e-07
1.26244e-07
2.83388e-07
2.09948e-07
-3.37978e-08
-3.2269e-07
-5.66947e-07
-7.01479e-07
-6.64651e-07
-4.58716e-07
-1.58693e-07
1.21253e-07
2.78158e-07
2.07693e-07
-3.18908e-08
-3.18102e-07
-5.61139e-07
-6.96612e-07
-6.62525e-07
-4.60189e-07
-1.63176e-07
1.15501e-07
2.7286e-07
2.06293e-07
-2.8986e-08
-3.12715e-07
-5.55047e-07
-6.92067e-07
-6.61263e-07
-4.627e-07
-1.68461e-07
1.09487e-07
2.67915e-07
2.05815e-07
-2.52414e-08
-3.0685e-07
-5.49032e-07
-6.8813e-07
-6.60924e-07
-4.66082e-07
-1.74229e-07
1.03559e-07
2.63604e-07
2.06265e-07
-2.08078e-08
-3.00768e-07
-5.43359e-07
-6.84977e-07
-6.61513e-07
-4.70175e-07
-1.80218e-07
9.79811e-08
2.60097e-07
2.07597e-07
-1.58413e-08
-2.94689e-07
-5.38227e-07
-6.82707e-07
-6.62987e-07
-4.74813e-07
-1.86204e-07
9.2951e-08
2.57483e-07
2.09732e-07
-1.05007e-08
-2.88801e-07
-5.33778e-07
-6.81358e-07
-6.65266e-07
-4.79829e-07
-1.91996e-07
8.86071e-08
2.5579e-07
2.12564e-07
-4.94002e-09
-2.83253e-07
-5.30102e-07
-6.8092e-07
-6.68245e-07
-4.85064e-07
-1.97442e-07
8.50357e-08
2.55002e-07
2.15974e-07
6.96322e-10
-2.78164e-07
-5.27243e-07
-6.81347e-07
-6.71802e-07
-4.90369e-07
-2.02425e-07
8.22787e-08
2.55071e-07
2.19834e-07
6.27678e-09
-2.73619e-07
-5.25209e-07
-6.82561e-07
-6.75809e-07
-4.95611e-07
-2.06859e-07
8.03405e-08
2.55919e-07
2.24017e-07
1.16849e-08
-2.69677e-07
-5.23977e-07
-6.84468e-07
-6.80132e-07
-5.00674e-07
-2.10689e-07
7.91947e-08
2.57454e-07
2.28399e-07
1.68207e-08
-2.6637e-07
-5.23498e-07
-6.86956e-07
-6.84644e-07
-5.05462e-07
-2.13887e-07
7.87899e-08
2.59569e-07
2.32863e-07
2.16017e-08
-2.63707e-07
-5.23705e-07
-6.89908e-07
-6.89223e-07
-5.09895e-07
-2.1645e-07
7.90549e-08
2.62155e-07
2.37307e-07
2.59631e-08
-2.61678e-07
-5.24514e-07
-6.93201e-07
-6.93756e-07
-5.13917e-07
-2.18395e-07
7.99031e-08
2.65098e-07
2.41638e-07
2.98582e-08
-2.60252e-07
-5.25831e-07
-6.96715e-07
-6.98144e-07
-5.17488e-07
-2.1976e-07
8.12368e-08
2.68288e-07
2.45779e-07
3.32578e-08
-2.59383e-07
-5.27554e-07
-7.00331e-07
-7.02301e-07
-5.2059e-07
-2.20598e-07
8.29498e-08
2.71621e-07
2.49666e-07
3.61499e-08
-2.59013e-07
-5.29574e-07
-7.03938e-07
-7.06156e-07
-5.23218e-07
-2.20978e-07
8.49313e-08
2.74996e-07
2.53249e-07
3.85385e-08
-2.5907e-07
-5.31782e-07
-7.07431e-07
-7.09651e-07
-5.25387e-07
-2.20976e-07
8.7069e-08
2.78319e-07
2.56487e-07
4.04416e-08
-2.59475e-07
-5.3407e-07
-7.10715e-07
-7.12743e-07
-5.2712e-07
-2.20675e-07
8.92538e-08
2.81503e-07
2.59351e-07
4.18885e-08
-2.60149e-07
-5.36336e-07
-7.13709e-07
-7.15402e-07
-5.2845e-07
-2.20157e-07
9.13866e-08
2.8447e-07
2.61823e-07
4.29178e-08
-2.61013e-07
-5.38496e-07
-7.16353e-07
-7.17615e-07
-5.29415e-07
-2.19497e-07
9.33873e-08
2.87157e-07
2.63897e-07
4.35748e-08
-2.62005e-07
-5.40492e-07
-7.18616e-07
-7.19389e-07
-5.30056e-07
-2.18749e-07
9.52057e-08
2.89524e-07
2.65593e-07
4.39127e-08
-2.63078e-07
-5.42303e-07
-7.20509e-07
-7.20759e-07
-5.30417e-07
-2.1795e-07
9.68316e-08
2.91566e-07
2.66964e-07
4.39966e-08
-2.64204e-07
-5.43951e-07
-7.22094e-07
-7.218e-07
-5.30553e-07
-2.17111e-07
9.83008e-08
2.93329e-07
2.68108e-07
4.39126e-08
-2.65369e-07
-5.45501e-07
-7.23487e-07
-7.22631e-07
-5.30539e-07
-2.16233e-07
9.9691e-08
2.94909e-07
2.69177e-07
4.37782e-08
-2.66556e-07
-5.47047e-07
-7.24854e-07
-7.23422e-07
-5.30483e-07
-2.15318e-07
1.01107e-07
2.96455e-07
2.70371e-07
4.37523e-08
-2.67723e-07
-5.48684e-07
-7.26386e-07
-7.24388e-07
-5.30537e-07
-2.14396e-07
1.02652e-07
2.98149e-07
2.71928e-07
4.40377e-08
-2.68787e-07
-5.50479e-07
-7.28276e-07
-7.2577e-07
-5.30899e-07
-2.1355e-07
1.04395e-07
3.00177e-07
2.74097e-07
4.48751e-08
-2.69603e-07
-5.52438e-07
-7.30678e-07
-7.27811e-07
-5.3181e-07
-2.12924e-07
1.06339e-07
3.02697e-07
2.77107e-07
4.65253e-08
-2.69965e-07
-5.54489e-07
-7.33677e-07
-7.30724e-07
-5.33532e-07
-2.12734e-07
1.08396e-07
3.058e-07
2.81137e-07
4.92447e-08
-2.6962e-07
-5.56469e-07
-7.3727e-07
-7.34668e-07
-5.36328e-07
-2.13248e-07
1.10393e-07
3.09497e-07
2.86293e-07
5.32583e-08
-2.68288e-07
-5.58146e-07
-7.41361e-07
-7.39724e-07
-5.40427e-07
-2.14762e-07
1.12076e-07
3.13707e-07
2.92598e-07
5.87361e-08
-2.65692e-07
-5.59239e-07
-7.45772e-07
-7.45888e-07
-5.46007e-07
-2.17568e-07
1.13148e-07
3.18267e-07
2.99989e-07
6.57783e-08
-2.61588e-07
-5.59448e-07
-7.50266e-07
-7.53078e-07
-5.53173e-07
-2.21923e-07
1.13294e-07
3.22953e-07
3.08328e-07
7.44085e-08
-2.55786e-07
-5.58488e-07
-7.54571e-07
-7.6114e-07
-5.61952e-07
-2.28025e-07
1.12216e-07
3.275e-07
3.17412e-07
8.45752e-08
-2.48162e-07
-5.56105e-07
-7.58399e-07
-7.69865e-07
-5.72291e-07
-2.36001e-07
1.09657e-07
3.31623e-07
3.26988e-07
9.61578e-08
-2.38665e-07
-5.52094e-07
-7.61468e-07
-7.79002e-07
-5.84065e-07
-2.459e-07
1.05408e-07
3.35035e-07
3.36766e-07
1.08975e-07
-2.27314e-07
-5.46301e-07
-7.63512e-07
-7.88269e-07
-5.97084e-07
-2.57696e-07
9.93216e-08
3.37457e-07
3.46431e-07
1.2279e-07
-2.14195e-07
-5.38632e-07
-7.64285e-07
-7.97362e-07
-6.11103e-07
-2.7129e-07
9.13085e-08
3.38627e-07
3.5565e-07
1.37324e-07
-1.99458e-07
-5.29043e-07
-7.63567e-07
-8.05966e-07
-6.25826e-07
-2.86522e-07
8.13376e-08
3.38308e-07
3.64082e-07
1.52253e-07
-1.83312e-07
-5.1755e-07
-7.6117e-07
-8.1376e-07
-6.4092e-07
-3.0317e-07
6.94343e-08
3.36291e-07
3.71388e-07
1.67224e-07
-1.66017e-07
-5.0422e-07
-7.5694e-07
-8.20423e-07
-6.56018e-07
-3.20957e-07
5.56796e-08
3.32404e-07
3.77238e-07
1.81855e-07
-1.47887e-07
-4.89178e-07
-7.50762e-07
-8.25644e-07
-6.70729e-07
-3.39559e-07
4.02104e-08
3.26515e-07
3.8132e-07
1.95747e-07
-1.2928e-07
-4.72603e-07
-7.42565e-07
-8.2913e-07
-6.84647e-07
-3.58608e-07
2.32192e-08
3.18544e-07
3.83355e-07
2.08492e-07
-1.10593e-07
-4.54732e-07
-7.32336e-07
-8.30619e-07
-6.9736e-07
-3.77698e-07
4.95641e-09
3.08466e-07
3.83108e-07
2.19687e-07
-9.22549e-08
-4.35859e-07
-7.20118e-07
-8.2989e-07
-7.08465e-07
-3.96391e-07
-1.42713e-08
2.96321e-07
3.80404e-07
2.28952e-07
-7.47179e-08
-4.16337e-07
-7.06029e-07
-8.2678e-07
-7.17583e-07
-4.14234e-07
-3.41009e-08
2.82224e-07
3.75144e-07
2.35939e-07
-5.84438e-08
-3.96571e-07
-6.90263e-07
-8.21201e-07
-7.24373e-07
-4.3076e-07
-5.41156e-08
2.66374e-07
3.67324e-07
2.40364e-07
-4.38917e-08
-3.77022e-07
-6.73105e-07
-8.13155e-07
-7.28557e-07
-4.45512e-07
-7.38474e-08
2.49063e-07
3.57057e-07
2.42017e-07
-3.15006e-08
-3.58197e-07
-6.54939e-07
-8.02755e-07
-7.29939e-07
-4.58053e-07
-9.27819e-08
2.30685e-07
3.44594e-07
2.408e-07
-2.16676e-08
-3.40647e-07
-6.36256e-07
-7.90249e-07
-7.28435e-07
-4.67995e-07
-1.10367e-07
2.1175e-07
3.30354e-07
2.36748e-07
-1.47219e-08
-3.24946e-07
-6.1767e-07
-7.7605e-07
-7.24099e-07
-4.7502e-07
-1.26024e-07
1.92892e-07
3.14969e-07
2.30051e-07
-1.09154e-08
-3.11694e-07
-5.99914e-07
-7.60776e-07
-7.17148e-07
-4.78892e-07
-1.39153e-07
1.74877e-07
2.99313e-07
2.21057e-07
-1.04626e-08
-3.01572e-07
-5.83902e-07
-7.45282e-07
-7.07993e-07
-4.79433e-07
-1.49063e-07
1.58685e-07
2.8459e-07
2.10425e-07
-1.35122e-08
-2.95456e-07
-5.70918e-07
-7.30734e-07
-6.97395e-07
-4.76566e-07
-1.5488e-07
1.45724e-07
2.72833e-07
1.99563e-07
-1.95914e-08
-2.94108e-07
-5.62676e-07
-7.19036e-07
-6.86873e-07
-4.70841e-07
-1.55898e-07
1.37849e-07
2.6734e-07
1.92267e-07
-2.54789e-08
-2.96247e-07
-5.60409e-07
-7.13683e-07
-6.79742e-07
-4.65066e-07
-1.53512e-07
1.3578e-07
2.14572e-07
-3.92363e-08
-3.30802e-07
-5.76096e-07
-7.11362e-07
-6.71558e-07
-4.60082e-07
-1.53914e-07
1.30438e-07
2.88815e-07
2.12409e-07
-4.03468e-08
-3.3075e-07
-5.74768e-07
-7.09338e-07
-6.69428e-07
-4.58799e-07
-1.53954e-07
1.29113e-07
2.86636e-07
2.09354e-07
-4.08125e-08
-3.29089e-07
-5.71304e-07
-7.04938e-07
-6.66386e-07
-4.57898e-07
-1.55564e-07
1.25593e-07
2.82094e-07
2.06499e-07
-4.00484e-08
-3.2573e-07
-5.6633e-07
-7.00222e-07
-6.63624e-07
-4.58203e-07
-1.58833e-07
1.20634e-07
2.76922e-07
2.04301e-07
-3.81202e-08
-3.21154e-07
-5.6057e-07
-6.95424e-07
-6.61556e-07
-4.59708e-07
-1.63307e-07
1.1493e-07
2.7169e-07
2.02953e-07
-3.52058e-08
-3.15792e-07
-5.54538e-07
-6.90952e-07
-6.60351e-07
-4.62241e-07
-1.68568e-07
1.08975e-07
2.66817e-07
2.02521e-07
-3.14645e-08
-3.09965e-07
-5.48591e-07
-6.87089e-07
-6.60063e-07
-4.65633e-07
-1.74301e-07
1.03114e-07
2.62578e-07
2.03007e-07
-2.70472e-08
-3.03933e-07
-5.4299e-07
-6.84008e-07
-6.60693e-07
-4.69725e-07
-1.80244e-07
9.76085e-08
2.59141e-07
2.04365e-07
-2.21099e-08
-2.97913e-07
-5.37932e-07
-6.81805e-07
-6.62199e-07
-4.7435e-07
-1.86176e-07
9.26532e-08
2.56592e-07
2.06513e-07
-1.68103e-08
-2.92091e-07
-5.33556e-07
-6.80517e-07
-6.64499e-07
-4.79342e-07
-1.91907e-07
8.83842e-08
2.54958e-07
2.09348e-07
-1.13012e-08
-2.86613e-07
-5.29952e-07
-6.80131e-07
-6.67489e-07
-4.84544e-07
-1.97287e-07
8.48859e-08
2.54221e-07
2.1275e-07
-5.72553e-09
-2.81598e-07
-5.27161e-07
-6.80602e-07
-6.71046e-07
-4.89807e-07
-2.02201e-07
8.21985e-08
2.54331e-07
2.16592e-07
-2.13228e-10
-2.77129e-07
-5.25191e-07
-6.81851e-07
-6.75043e-07
-4.95001e-07
-2.06566e-07
8.03251e-08
2.55212e-07
2.20748e-07
5.12097e-09
-2.73263e-07
-5.24016e-07
-6.83784e-07
-6.79348e-07
-5.00012e-07
-2.10327e-07
7.9238e-08
2.5677e-07
2.25095e-07
1.01788e-08
-2.7003e-07
-5.23588e-07
-6.86289e-07
-6.83835e-07
-5.04742e-07
-2.13459e-07
7.88852e-08
2.589e-07
2.29519e-07
1.48795e-08
-2.67438e-07
-5.23838e-07
-6.89249e-07
-6.88381e-07
-5.09118e-07
-2.15958e-07
7.91949e-08
2.61491e-07
2.33916e-07
1.91599e-08
-2.65475e-07
-5.24684e-07
-6.92543e-07
-6.92877e-07
-5.13081e-07
-2.17844e-07
8.00805e-08
2.64433e-07
2.38197e-07
2.29746e-08
-2.64111e-07
-5.2603e-07
-6.9605e-07
-6.97225e-07
-5.16595e-07
-2.19156e-07
8.1444e-08
2.67616e-07
2.42286e-07
2.62959e-08
-2.63298e-07
-5.27775e-07
-6.99655e-07
-7.0134e-07
-5.19641e-07
-2.19947e-07
8.31796e-08
2.70935e-07
2.46121e-07
2.9113e-08
-2.62978e-07
-5.29811e-07
-7.03247e-07
-7.05152e-07
-5.22219e-07
-2.20285e-07
8.5177e-08
2.74292e-07
2.49652e-07
3.1431e-08
-2.63078e-07
-5.32028e-07
-7.0672e-07
-7.08605e-07
-5.2434e-07
-2.20248e-07
8.73244e-08
2.77594e-07
2.52841e-07
3.32683e-08
-2.6352e-07
-5.3432e-07
-7.09983e-07
-7.11656e-07
-5.26031e-07
-2.19919e-07
8.95136e-08
2.80755e-07
2.55659e-07
3.4655e-08
-2.64224e-07
-5.36586e-07
-7.12955e-07
-7.14278e-07
-5.27326e-07
-2.1938e-07
9.16463e-08
2.83698e-07
2.58088e-07
3.56296e-08
-2.65114e-07
-5.38742e-07
-7.15577e-07
-7.16458e-07
-5.28261e-07
-2.18703e-07
9.36433e-08
2.86361e-07
2.60124e-07
3.62375e-08
-2.66126e-07
-5.40732e-07
-7.17819e-07
-7.18203e-07
-5.28879e-07
-2.17945e-07
9.54554e-08
2.88706e-07
2.61787e-07
3.65314e-08
-2.67214e-07
-5.42534e-07
-7.19695e-07
-7.19549e-07
-5.29222e-07
-2.1714e-07
9.70732e-08
2.90729e-07
2.63128e-07
3.65758e-08
-2.68353e-07
-5.44174e-07
-7.21263e-07
-7.20569e-07
-5.29344e-07
-2.16299e-07
9.85333e-08
2.92473e-07
2.64246e-07
3.64553e-08
-2.69527e-07
-5.45715e-07
-7.22642e-07
-7.21383e-07
-5.2932e-07
-2.1542e-07
9.99144e-08
2.94037e-07
2.6529e-07
3.62858e-08
-2.70722e-07
-5.47252e-07
-7.23995e-07
-7.2216e-07
-5.29255e-07
-2.14505e-07
1.01322e-07
2.95568e-07
2.6646e-07
3.6224e-08
-2.719e-07
-5.48882e-07
-7.25516e-07
-7.23111e-07
-5.29299e-07
-2.13582e-07
1.0286e-07
2.97249e-07
2.67992e-07
3.64711e-08
-2.72976e-07
-5.50672e-07
-7.27395e-07
-7.24477e-07
-5.29649e-07
-2.12731e-07
1.04599e-07
2.99264e-07
2.70134e-07
3.72657e-08
-2.73809e-07
-5.5263e-07
-7.29787e-07
-7.26501e-07
-5.30544e-07
-2.12095e-07
1.06542e-07
3.01772e-07
2.73113e-07
3.88676e-08
-2.74196e-07
-5.54685e-07
-7.32778e-07
-7.29395e-07
-5.32245e-07
-2.11889e-07
1.08605e-07
3.04865e-07
2.77111e-07
4.15325e-08
-2.73882e-07
-5.56677e-07
-7.36366e-07
-7.33317e-07
-5.35012e-07
-2.12378e-07
1.10614e-07
3.08554e-07
2.82235e-07
4.54853e-08
-2.7259e-07
-5.58374e-07
-7.40457e-07
-7.38351e-07
-5.39078e-07
-2.13858e-07
1.12319e-07
3.12762e-07
2.88509e-07
5.08969e-08
-2.70044e-07
-5.59497e-07
-7.44876e-07
-7.44494e-07
-5.4462e-07
-2.16621e-07
1.13423e-07
3.17327e-07
2.95874e-07
5.78685e-08
-2.65999e-07
-5.59748e-07
-7.49386e-07
-7.51667e-07
-5.51744e-07
-2.20923e-07
1.13613e-07
3.22028e-07
3.04192e-07
6.64255e-08
-2.60264e-07
-5.58842e-07
-7.53718e-07
-7.59718e-07
-5.60478e-07
-2.26964e-07
1.12591e-07
3.26601e-07
3.13263e-07
7.65183e-08
-2.52716e-07
-5.56525e-07
-7.57586e-07
-7.6844e-07
-5.70773e-07
-2.34871e-07
1.10099e-07
3.30764e-07
3.22837e-07
8.80281e-08
-2.433e-07
-5.52592e-07
-7.60709e-07
-7.77582e-07
-5.82506e-07
-2.44695e-07
1.0593e-07
3.3423e-07
3.32625e-07
1.00775e-07
-2.32035e-07
-5.46889e-07
-7.6282e-07
-7.86866e-07
-5.95488e-07
-2.56412e-07
9.99351e-08
3.3672e-07
3.42312e-07
1.14527e-07
-2.19004e-07
-5.39319e-07
-7.63673e-07
-7.95988e-07
-6.09475e-07
-2.69925e-07
9.20229e-08
3.37973e-07
3.51568e-07
1.29003e-07
-2.04356e-07
-5.2984e-07
-7.6305e-07
-8.04635e-07
-6.24175e-07
-2.85076e-07
8.2161e-08
3.3775e-07
3.60052e-07
1.43885e-07
-1.88296e-07
-5.18462e-07
-7.6076e-07
-8.12485e-07
-6.39256e-07
-3.01644e-07
7.03728e-08
3.35844e-07
3.67425e-07
1.5882e-07
-1.71083e-07
-5.05251e-07
-7.56649e-07
-8.19219e-07
-6.54353e-07
-3.19357e-07
5.67372e-08
3.32079e-07
3.73356e-07
1.73428e-07
-1.53027e-07
-4.9033e-07
-7.50599e-07
-8.24524e-07
-6.69076e-07
-3.37892e-07
4.13884e-08
3.26323e-07
3.77535e-07
1.87311e-07
-1.34485e-07
-4.73875e-07
-7.42539e-07
-8.28108e-07
-6.8302e-07
-3.56883e-07
2.45163e-08
3.18492e-07
3.79681e-07
2.00063e-07
-1.15851e-07
-4.5612e-07
-7.32451e-07
-8.29708e-07
-6.95774e-07
-3.75926e-07
6.36821e-09
3.08561e-07
3.79557e-07
2.11282e-07
-9.75526e-08
-4.37358e-07
-7.20378e-07
-8.29101e-07
-7.06935e-07
-3.94588e-07
-1.27519e-08
2.96566e-07
3.76986e-07
2.20587e-07
-8.00385e-08
-4.17936e-07
-7.06433e-07
-8.26124e-07
-7.16126e-07
-4.12414e-07
-3.2484e-08
2.82619e-07
3.71868e-07
2.27633e-07
-6.37698e-08
-3.98257e-07
-6.90808e-07
-8.20684e-07
-7.23004e-07
-4.28942e-07
-5.2414e-08
2.66917e-07
3.64195e-07
2.3213e-07
-4.92045e-08
-3.7878e-07
-6.73785e-07
-8.12782e-07
-7.2729e-07
-4.43713e-07
-7.20765e-08
2.49747e-07
3.54077e-07
2.33871e-07
-3.67814e-08
-3.6001e-07
-6.55744e-07
-8.02527e-07
-7.28786e-07
-4.56291e-07
-9.09594e-08
2.315e-07
3.4176e-07
2.32754e-07
-2.68983e-08
-3.42494e-07
-6.37172e-07
-7.90164e-07
-7.27404e-07
-4.66288e-07
-1.08512e-07
2.12682e-07
3.27659e-07
2.28809e-07
-1.98859e-08
-3.26807e-07
-6.18679e-07
-7.761e-07
-7.23196e-07
-4.73383e-07
-1.24157e-07
1.93923e-07
3.12399e-07
2.22222e-07
-1.59989e-08
-3.13548e-07
-6.00997e-07
-7.60947e-07
-7.16374e-07
-4.77339e-07
-1.37295e-07
1.75986e-07
2.9685e-07
2.13335e-07
-1.5456e-08
-3.03397e-07
-5.85033e-07
-7.45557e-07
-7.07341e-07
-4.77971e-07
-1.47234e-07
1.59846e-07
2.82221e-07
2.02797e-07
-1.8413e-08
-2.97232e-07
-5.72068e-07
-7.31098e-07
-6.96848e-07
-4.75196e-07
-1.53097e-07
1.46906e-07
2.70494e-07
1.92003e-07
-2.44103e-08
-2.95823e-07
-5.63813e-07
-7.19433e-07
-6.86401e-07
-4.6955e-07
-1.54171e-07
1.39018e-07
2.65001e-07
1.84737e-07
-3.02535e-08
-2.97915e-07
-5.61519e-07
-7.14079e-07
-6.79299e-07
-4.6382e-07
-1.5183e-07
1.36919e-07
2.08346e-07
-4.89028e-08
-3.34834e-07
-5.74363e-07
-7.084e-07
-6.68905e-07
-4.587e-07
-1.5403e-07
1.29029e-07
2.86382e-07
2.06214e-07
-4.99666e-08
-3.34736e-07
-5.73005e-07
-7.06362e-07
-6.66811e-07
-4.57466e-07
-1.54121e-07
1.27677e-07
2.84206e-07
2.03238e-07
-5.03484e-08
-3.3301e-07
-5.69516e-07
-7.01921e-07
-6.63853e-07
-4.56662e-07
-1.55806e-07
1.24136e-07
2.79411e-07
2.00492e-07
-4.94909e-08
-3.29597e-07
-5.64546e-07
-6.97278e-07
-6.61207e-07
-4.57081e-07
-1.59141e-07
1.19186e-07
2.74329e-07
1.98421e-07
-4.7479e-08
-3.24987e-07
-5.58819e-07
-6.92583e-07
-6.59277e-07
-4.587e-07
-1.63662e-07
1.1352e-07
2.69212e-07
1.97204e-07
-4.45004e-08
-3.19616e-07
-5.52846e-07
-6.88232e-07
-6.58216e-07
-4.61336e-07
-1.68949e-07
1.07627e-07
2.64467e-07
1.969e-07
-4.07194e-08
-3.13806e-07
-5.46978e-07
-6.84505e-07
-6.5807e-07
-4.64817e-07
-1.74685e-07
1.0185e-07
2.60371e-07
1.97502e-07
-3.62903e-08
-3.07815e-07
-5.41474e-07
-6.81566e-07
-6.58834e-07
-4.68977e-07
-1.8061e-07
9.64444e-08
2.57083e-07
1.98961e-07
-3.13705e-08
-3.01859e-07
-5.36528e-07
-6.79504e-07
-6.6046e-07
-4.7365e-07
-1.865e-07
9.16012e-08
2.54681e-07
2.01193e-07
-2.61181e-08
-2.96121e-07
-5.32274e-07
-6.78354e-07
-6.62865e-07
-4.78669e-07
-1.92172e-07
8.7453e-08
2.53188e-07
2.04091e-07
-2.06849e-08
-2.90747e-07
-5.28796e-07
-6.78098e-07
-6.6594e-07
-4.83876e-07
-1.97477e-07
8.40804e-08
2.52584e-07
2.07535e-07
-1.52119e-08
-2.85849e-07
-5.26133e-07
-6.78686e-07
-6.69564e-07
-4.89124e-07
-2.02303e-07
8.15195e-08
2.52816e-07
2.11398e-07
-9.82645e-09
-2.81507e-07
-5.24287e-07
-6.8004e-07
-6.73608e-07
-4.94285e-07
-2.06569e-07
7.97698e-08
2.53803e-07
2.15555e-07
-4.64017e-09
-2.77776e-07
-5.23231e-07
-6.82062e-07
-6.77941e-07
-4.99246e-07
-2.10227e-07
7.88007e-08
2.55452e-07
2.19883e-07
2.52095e-10
-2.74681e-07
-5.22914e-07
-6.8464e-07
-6.82437e-07
-5.03916e-07
-2.13252e-07
7.85575e-08
2.57657e-07
2.24272e-07
4.77301e-09
-2.72229e-07
-5.23264e-07
-6.87657e-07
-6.86977e-07
-5.0822e-07
-2.15646e-07
7.89662e-08
2.60305e-07
2.28619e-07
8.86303e-09
-2.70403e-07
-5.24197e-07
-6.90991e-07
-6.91452e-07
-5.12106e-07
-2.1743e-07
7.99385e-08
2.63288e-07
2.32838e-07
1.24803e-08
-2.6917e-07
-5.25618e-07
-6.94524e-07
-6.95767e-07
-5.15539e-07
-2.18646e-07
8.13753e-08
2.66495e-07
2.36854e-07
1.56003e-08
-2.68482e-07
-5.27423e-07
-6.98138e-07
-6.9984e-07
-5.18503e-07
-2.19349e-07
8.31702e-08
2.69824e-07
2.40608e-07
1.82154e-08
-2.68276e-07
-5.29505e-07
-7.01725e-07
-7.03602e-07
-5.20999e-07
-2.19609e-07
8.52123e-08
2.73177e-07
2.44054e-07
2.03331e-08
-2.6848e-07
-5.31755e-07
-7.05184e-07
-7.07001e-07
-5.23045e-07
-2.19507e-07
8.73901e-08
2.76464e-07
2.47156e-07
2.19749e-08
-2.69013e-07
-5.34064e-07
-7.08421e-07
-7.09997e-07
-5.24667e-07
-2.19124e-07
8.95959e-08
2.796e-07
2.49888e-07
2.31733e-08
-2.69796e-07
-5.36335e-07
-7.1136e-07
-7.12563e-07
-5.259e-07
-2.18545e-07
9.17321e-08
2.82512e-07
2.52233e-07
2.39686e-08
-2.7075e-07
-5.38484e-07
-7.13943e-07
-7.1469e-07
-5.26785e-07
-2.17842e-07
9.37206e-08
2.85137e-07
2.54189e-07
2.44073e-08
-2.71814e-07
-5.40456e-07
-7.16142e-07
-7.16386e-07
-5.27362e-07
-2.17071e-07
9.55135e-08
2.8744e-07
2.55776e-07
2.45422e-08
-2.72942e-07
-5.42232e-07
-7.1797e-07
-7.17687e-07
-5.27674e-07
-2.16264e-07
9.71031e-08
2.89418e-07
2.57046e-07
2.44368e-08
-2.7411e-07
-5.43837e-07
-7.19489e-07
-7.18667e-07
-5.27775e-07
-2.15431e-07
9.85278e-08
2.91116e-07
2.58095e-07
2.41739e-08
-2.75307e-07
-5.45338e-07
-7.20816e-07
-7.19443e-07
-5.27734e-07
-2.14566e-07
9.98687e-08
2.9263e-07
2.5907e-07
2.38662e-08
-2.76521e-07
-5.46834e-07
-7.22118e-07
-7.20182e-07
-5.27655e-07
-2.13668e-07
1.01234e-07
2.94111e-07
2.60169e-07
2.3667e-08
-2.77719e-07
-5.48423e-07
-7.23587e-07
-7.21094e-07
-5.27682e-07
-2.1276e-07
1.02733e-07
2.95741e-07
2.61627e-07
2.37737e-08
-2.78822e-07
-5.50179e-07
-7.25416e-07
-7.22418e-07
-5.28008e-07
-2.11914e-07
1.04438e-07
2.97706e-07
2.6369e-07
2.44222e-08
-2.79694e-07
-5.52114e-07
-7.27762e-07
-7.24395e-07
-5.28867e-07
-2.11271e-07
1.06359e-07
3.00167e-07
2.66588e-07
2.58702e-08
-2.80135e-07
-5.5416e-07
-7.30716e-07
-7.27241e-07
-5.3052e-07
-2.11039e-07
1.08417e-07
3.03221e-07
2.70506e-07
2.83737e-08
-2.79894e-07
-5.56164e-07
-7.3428e-07
-7.31115e-07
-5.33228e-07
-2.11482e-07
1.10442e-07
3.06884e-07
2.75555e-07
3.21591e-08
-2.78696e-07
-5.57899e-07
-7.38365e-07
-7.36104e-07
-5.37222e-07
-2.12893e-07
1.12188e-07
3.11084e-07
2.81765e-07
3.74004e-08
-2.76263e-07
-5.59086e-07
-7.428e-07
-7.42214e-07
-5.42685e-07
-2.15566e-07
1.1336e-07
3.15666e-07
2.89084e-07
4.42029e-08
-2.7235e-07
-5.59432e-07
-7.47355e-07
-7.49368e-07
-5.49728e-07
-2.19758e-07
1.13648e-07
3.20412e-07
2.97379e-07
5.25963e-08
-2.66762e-07
-5.58649e-07
-7.51763e-07
-7.57422e-07
-5.58386e-07
-2.25673e-07
1.12754e-07
3.25064e-07
3.06456e-07
6.25357e-08
-2.59372e-07
-5.56485e-07
-7.55741e-07
-7.66174e-07
-5.68612e-07
-2.33443e-07
1.10419e-07
3.2934e-07
3.16068e-07
7.3907e-08
-2.50122e-07
-5.52731e-07
-7.59008e-07
-7.75376e-07
-5.8029e-07
-2.43122e-07
1.06432e-07
3.32956e-07
3.2593e-07
8.65343e-08
-2.39023e-07
-5.47231e-07
-7.61299e-07
-7.84753e-07
-5.93237e-07
-2.54691e-07
1.00641e-07
3.35633e-07
3.35729e-07
1.00189e-07
-2.26154e-07
-5.39881e-07
-7.62365e-07
-7.94005e-07
-6.07213e-07
-2.68063e-07
9.2951e-08
3.37107e-07
3.45136e-07
1.14597e-07
-2.11658e-07
-5.30636e-07
-7.61985e-07
-8.02817e-07
-6.21931e-07
-2.8308e-07
8.33235e-08
3.37139e-07
3.53811e-07
1.29444e-07
-1.95734e-07
-5.19499e-07
-7.59966e-07
-8.10869e-07
-6.37062e-07
-2.99532e-07
7.1776e-08
3.35514e-07
3.61413e-07
1.4438e-07
-1.78634e-07
-5.06531e-07
-7.56147e-07
-8.1784e-07
-6.52244e-07
-3.17149e-07
5.8381e-08
3.32054e-07
3.6761e-07
1.5903e-07
-1.60664e-07
-4.91846e-07
-7.50406e-07
-8.23416e-07
-6.67089e-07
-3.35616e-07
4.32657e-08
3.26621e-07
3.72087e-07
1.72998e-07
-1.42174e-07
-4.75615e-07
-7.42666e-07
-8.27302e-07
-6.81193e-07
-3.54571e-07
2.66128e-08
3.19125e-07
3.74559e-07
1.8588e-07
-1.23553e-07
-4.5806e-07
-7.32902e-07
-8.29229e-07
-6.94147e-07
-3.73616e-07
8.66217e-09
3.0953e-07
3.74785e-07
1.97272e-07
-1.05225e-07
-4.39472e-07
-7.21148e-07
-8.28971e-07
-7.05546e-07
-3.9232e-07
-1.02893e-08
2.97868e-07
3.72581e-07
2.06792e-07
-8.76367e-08
-4.20188e-07
-7.0751e-07
-8.26358e-07
-7.1501e-07
-4.10232e-07
-2.98882e-08
2.84242e-07
3.67837e-07
2.1409e-07
-7.1247e-08
-4.00607e-07
-6.9217e-07
-8.21289e-07
-7.22194e-07
-4.26891e-07
-4.97266e-08
2.68838e-07
3.60538e-07
2.18874e-07
-5.65144e-08
-3.8118e-07
-6.75403e-07
-8.13755e-07
-7.26812e-07
-4.41838e-07
-6.93436e-08
2.51936e-07
3.50782e-07
2.20925e-07
-4.38802e-08
-3.6241e-07
-6.57581e-07
-8.03859e-07
-7.28659e-07
-4.54634e-07
-8.82305e-08
2.33917e-07
3.38805e-07
2.20132e-07
-3.37472e-08
-3.44843e-07
-6.39179e-07
-7.91832e-07
-7.27638e-07
-4.64885e-07
-1.05838e-07
2.1528e-07
3.25006e-07
2.16515e-07
-2.64546e-08
-3.29053e-07
-6.20808e-07
-7.78068e-07
-7.23788e-07
-4.72263e-07
-1.21587e-07
1.96649e-07
3.10001e-07
2.10242e-07
-2.22684e-08
-3.15644e-07
-6.0319e-07
-7.63173e-07
-7.17305e-07
-4.76517e-07
-1.34873e-07
1.78781e-07
2.94649e-07
2.01635e-07
-2.14233e-08
-3.05303e-07
-5.8723e-07
-7.47987e-07
-7.08575e-07
-4.77448e-07
-1.44996e-07
1.62648e-07
2.8016e-07
1.91316e-07
-2.41008e-08
-2.98921e-07
-5.74205e-07
-7.3368e-07
-6.98322e-07
-4.74945e-07
-1.51065e-07
1.49645e-07
2.68415e-07
1.80656e-07
-2.9882e-08
-2.973e-07
-5.65833e-07
-7.22028e-07
-6.88025e-07
-4.69503e-07
-1.52331e-07
1.41637e-07
2.62882e-07
1.7343e-07
-3.56295e-08
-2.99262e-07
-5.63438e-07
-7.16643e-07
-6.80964e-07
-4.63864e-07
-1.50109e-07
1.39428e-07
)
;

boundaryField
{
    bottomWall
    {
        type            zeroGradient;
    }
    topWall
    {
        type            zeroGradient;
    }
    sides1_half0
    {
        type            cyclic;
    }
    sides1_half1
    {
        type            cyclic;
    }
    inout1_half0
    {
        type            cyclic;
    }
    inout1_half1
    {
        type            cyclic;
    }
}


// ************************************************************************* //
