/*--------------------------------*- C++ -*----------------------------------*\
| =========                 |                                                 |
| \\      /  F ield         | OpenFOAM: The Open Source CFD Toolbox           |
|  \\    /   O peration     | Version:  2.3.0                                 |
|   \\  /    A nd           | Web:      www.OpenFOAM.org                      |
|    \\/     M anipulation  |                                                 |
\*---------------------------------------------------------------------------*/
FoamFile
{
    version     2.0;
    format      ascii;
    class       volScalarField;
    location    "400";
    object      epsilon;
}
// * * * * * * * * * * * * * * * * * * * * * * * * * * * * * * * * * * * * * //

dimensions      [0 2 -3 0 0 0 0];

internalField   nonuniform List<scalar> 
1800
(
0.00680239
0.00680078
0.00679921
0.00679827
0.00679829
0.00679929
0.0068009
0.00680251
0.00680348
0.00680345
0.00254554
0.00254481
0.00254401
0.00254347
0.00254337
0.00254374
0.00254445
0.00254526
0.00254584
0.00254598
0.00132244
0.00132202
0.00132159
0.00132133
0.00132133
0.00132161
0.00132205
0.00132249
0.00132276
0.00132276
0.000793287
0.000793009
0.000792757
0.000792632
0.000792684
0.000792898
0.000793192
0.000793451
0.000793578
0.000793526
0.000503496
0.000503314
0.000503167
0.000503116
0.000503182
0.000503341
0.000503533
0.000503684
0.000503737
0.000503672
0.000325186
0.000325072
0.000324991
0.000324978
0.000325038
0.00032515
0.00032527
0.000325353
0.000325368
0.000325309
0.000212711
0.000212646
0.000212609
0.000212616
0.000212664
0.000212736
0.000212804
0.000212843
0.000212838
0.00021279
0.000146769
0.00014674
0.000146733
0.000146753
0.000146791
0.000146835
0.000146866
0.000146874
0.000146856
0.000146817
0.00011677
0.000116759
0.000116769
0.000116796
0.000116831
0.00011686
0.000116872
0.000116863
0.000116836
0.000116801
0.00011677
0.000116759
0.000116769
0.000116796
0.000116831
0.00011686
0.000116872
0.000116863
0.000116836
0.000116801
0.000146769
0.00014674
0.000146733
0.000146753
0.000146792
0.000146835
0.000146867
0.000146875
0.000146856
0.000146817
0.00021271
0.000212646
0.000212609
0.000212616
0.000212665
0.000212737
0.000212805
0.000212843
0.000212838
0.00021279
0.000325185
0.000325071
0.000324991
0.000324978
0.000325039
0.00032515
0.000325271
0.000325354
0.000325368
0.000325309
0.000503495
0.000503313
0.000503166
0.000503116
0.000503182
0.000503342
0.000503534
0.000503685
0.000503737
0.000503672
0.000793286
0.000793007
0.000792756
0.00079263
0.000792684
0.000792899
0.000793193
0.000793453
0.000793579
0.000793526
0.00132244
0.00132202
0.00132159
0.00132133
0.00132133
0.00132161
0.00132205
0.0013225
0.00132276
0.00132276
0.00254554
0.0025448
0.00254401
0.00254347
0.00254337
0.00254374
0.00254446
0.00254526
0.00254585
0.00254598
0.00680239
0.00680077
0.00679921
0.00679827
0.00679829
0.00679929
0.00680091
0.00680252
0.00680349
0.00680345
0.00680242
0.00680081
0.00679925
0.00679829
0.00679829
0.00679927
0.00680087
0.00680248
0.00680346
0.00680346
0.00254555
0.00254482
0.00254403
0.00254349
0.00254338
0.00254373
0.00254444
0.00254524
0.00254583
0.00254598
0.00132245
0.00132203
0.0013216
0.00132133
0.00132133
0.0013216
0.00132204
0.00132248
0.00132276
0.00132276
0.000793293
0.000793016
0.000792763
0.000792634
0.000792683
0.000792893
0.000793186
0.000793446
0.000793577
0.000793529
0.0005035
0.000503318
0.000503171
0.000503117
0.000503181
0.000503338
0.000503529
0.000503681
0.000503737
0.000503675
0.000325189
0.000325075
0.000324993
0.000324978
0.000325037
0.000325147
0.000325268
0.000325352
0.000325369
0.000325311
0.000212713
0.000212648
0.00021261
0.000212616
0.000212663
0.000212735
0.000212803
0.000212843
0.000212839
0.000212792
0.00014677
0.000146741
0.000146733
0.000146752
0.000146791
0.000146834
0.000146866
0.000146875
0.000146856
0.000146818
0.00011677
0.000116759
0.000116769
0.000116796
0.00011683
0.000116859
0.000116872
0.000116863
0.000116837
0.000116802
0.00011677
0.000116759
0.000116768
0.000116796
0.00011683
0.000116859
0.000116872
0.000116864
0.000116837
0.000116802
0.00014677
0.00014674
0.000146733
0.000146752
0.000146791
0.000146834
0.000146866
0.000146875
0.000146856
0.000146818
0.000212712
0.000212647
0.00021261
0.000212616
0.000212664
0.000212735
0.000212804
0.000212843
0.000212839
0.000212791
0.000325188
0.000325074
0.000324993
0.000324978
0.000325037
0.000325148
0.000325268
0.000325352
0.000325369
0.000325311
0.000503499
0.000503317
0.00050317
0.000503117
0.000503181
0.000503339
0.00050353
0.000503682
0.000503737
0.000503675
0.000793292
0.000793014
0.000792761
0.000792633
0.000792682
0.000792894
0.000793187
0.000793448
0.000793578
0.000793529
0.00132245
0.00132203
0.0013216
0.00132133
0.00132133
0.0013216
0.00132204
0.00132249
0.00132276
0.00132276
0.00254555
0.00254482
0.00254403
0.00254348
0.00254337
0.00254373
0.00254444
0.00254524
0.00254584
0.00254598
0.00680241
0.00680081
0.00679924
0.00679829
0.00679829
0.00679927
0.00680087
0.00680248
0.00680347
0.00680346
0.00680243
0.00680084
0.00679927
0.00679831
0.0067983
0.00679926
0.00680085
0.00680246
0.00680345
0.00680346
0.00254556
0.00254483
0.00254404
0.00254349
0.00254338
0.00254373
0.00254443
0.00254523
0.00254582
0.00254598
0.00132246
0.00132204
0.00132161
0.00132134
0.00132133
0.00132159
0.00132203
0.00132248
0.00132275
0.00132276
0.000793297
0.000793021
0.000792767
0.000792636
0.000792682
0.000792891
0.000793182
0.000793443
0.000793575
0.00079353
0.000503503
0.000503322
0.000503173
0.000503118
0.00050318
0.000503336
0.000503527
0.000503679
0.000503736
0.000503676
0.000325191
0.000325077
0.000324995
0.000324979
0.000325036
0.000325146
0.000325266
0.000325351
0.000325369
0.000325312
0.000212714
0.000212649
0.000212611
0.000212616
0.000212663
0.000212734
0.000212802
0.000212842
0.000212839
0.000212793
0.000146771
0.000146741
0.000146733
0.000146752
0.00014679
0.000146833
0.000146866
0.000146875
0.000146857
0.000146819
0.000116771
0.000116759
0.000116768
0.000116795
0.000116829
0.000116859
0.000116872
0.000116864
0.000116837
0.000116803
0.00011677
0.000116759
0.000116768
0.000116795
0.00011683
0.000116859
0.000116872
0.000116864
0.000116837
0.000116803
0.000146771
0.000146741
0.000146733
0.000146752
0.00014679
0.000146834
0.000146866
0.000146875
0.000146857
0.000146819
0.000212713
0.000212648
0.00021261
0.000212616
0.000212663
0.000212734
0.000212803
0.000212843
0.000212839
0.000212792
0.00032519
0.000325076
0.000324994
0.000324979
0.000325037
0.000325147
0.000325267
0.000325351
0.000325369
0.000325312
0.000503502
0.00050332
0.000503172
0.000503118
0.00050318
0.000503337
0.000503528
0.00050368
0.000503737
0.000503676
0.000793296
0.000793019
0.000792765
0.000792635
0.000792682
0.000792891
0.000793183
0.000793445
0.000793576
0.00079353
0.00132245
0.00132203
0.00132161
0.00132134
0.00132133
0.0013216
0.00132204
0.00132248
0.00132275
0.00132276
0.00254556
0.00254483
0.00254404
0.00254349
0.00254338
0.00254373
0.00254443
0.00254523
0.00254583
0.00254598
0.00680243
0.00680083
0.00679926
0.0067983
0.00679829
0.00679926
0.00680085
0.00680246
0.00680346
0.00680346
0.00680244
0.00680085
0.00679929
0.00679832
0.0067983
0.00679925
0.00680084
0.00680244
0.00680344
0.00680346
0.00254556
0.00254484
0.00254405
0.0025435
0.00254338
0.00254373
0.00254442
0.00254522
0.00254582
0.00254597
0.00132246
0.00132204
0.00132161
0.00132134
0.00132133
0.00132159
0.00132203
0.00132247
0.00132275
0.00132276
0.000793299
0.000793023
0.00079277
0.000792638
0.000792682
0.000792889
0.000793179
0.000793441
0.000793575
0.000793531
0.000503504
0.000503323
0.000503175
0.000503119
0.00050318
0.000503335
0.000503525
0.000503678
0.000503736
0.000503677
0.000325192
0.000325078
0.000324995
0.000324979
0.000325036
0.000325145
0.000325265
0.00032535
0.000325369
0.000325313
0.000212714
0.00021265
0.000212611
0.000212616
0.000212662
0.000212733
0.000212802
0.000212842
0.000212839
0.000212793
0.000146771
0.000146741
0.000146733
0.000146752
0.00014679
0.000146833
0.000146865
0.000146875
0.000146857
0.000146819
0.000116771
0.000116759
0.000116768
0.000116795
0.000116829
0.000116858
0.000116872
0.000116864
0.000116838
0.000116803
0.000116771
0.000116759
0.000116768
0.000116795
0.000116829
0.000116859
0.000116872
0.000116864
0.000116838
0.000116803
0.000146771
0.000146741
0.000146733
0.000146752
0.00014679
0.000146833
0.000146866
0.000146875
0.000146857
0.000146819
0.000212714
0.000212649
0.000212611
0.000212616
0.000212663
0.000212734
0.000212802
0.000212843
0.000212839
0.000212793
0.000325191
0.000325077
0.000324995
0.000324979
0.000325036
0.000325146
0.000325266
0.000325351
0.000325369
0.000325313
0.000503504
0.000503322
0.000503174
0.000503118
0.00050318
0.000503335
0.000503526
0.000503679
0.000503737
0.000503677
0.000793298
0.000793022
0.000792768
0.000792636
0.000792682
0.00079289
0.000793181
0.000793443
0.000793576
0.000793531
0.00132246
0.00132204
0.00132161
0.00132134
0.00132133
0.00132159
0.00132203
0.00132248
0.00132275
0.00132276
0.00254556
0.00254484
0.00254405
0.0025435
0.00254338
0.00254373
0.00254442
0.00254522
0.00254582
0.00254598
0.00680244
0.00680085
0.00679928
0.00679831
0.0067983
0.00679926
0.00680084
0.00680245
0.00680345
0.00680346
0.00680245
0.00680086
0.00679929
0.00679832
0.0067983
0.00679925
0.00680083
0.00680244
0.00680344
0.00680346
0.00254557
0.00254484
0.00254405
0.0025435
0.00254338
0.00254372
0.00254442
0.00254522
0.00254582
0.00254597
0.00132246
0.00132204
0.00132162
0.00132134
0.00132133
0.00132159
0.00132203
0.00132247
0.00132275
0.00132276
0.0007933
0.000793025
0.000792771
0.000792638
0.000792682
0.000792888
0.000793178
0.00079344
0.000793574
0.000793531
0.000503505
0.000503324
0.000503175
0.000503119
0.000503179
0.000503334
0.000503525
0.000503678
0.000503736
0.000503677
0.000325192
0.000325078
0.000324996
0.000324979
0.000325036
0.000325145
0.000325265
0.00032535
0.000325369
0.000325313
0.000212715
0.00021265
0.000212611
0.000212616
0.000212662
0.000212733
0.000212801
0.000212842
0.000212839
0.000212793
0.000146771
0.000146741
0.000146733
0.000146751
0.000146789
0.000146833
0.000146865
0.000146875
0.000146857
0.000146819
0.000116771
0.000116759
0.000116768
0.000116794
0.000116829
0.000116858
0.000116871
0.000116864
0.000116838
0.000116803
0.000116771
0.000116759
0.000116768
0.000116795
0.000116829
0.000116858
0.000116872
0.000116864
0.000116838
0.000116803
0.000146771
0.000146741
0.000146733
0.000146752
0.00014679
0.000146833
0.000146866
0.000146875
0.000146857
0.000146819
0.000212714
0.000212649
0.000212611
0.000212616
0.000212662
0.000212734
0.000212802
0.000212842
0.000212839
0.000212793
0.000325192
0.000325078
0.000324995
0.000324979
0.000325036
0.000325145
0.000325266
0.000325351
0.000325369
0.000325313
0.000503504
0.000503323
0.000503174
0.000503119
0.000503179
0.000503335
0.000503526
0.000503679
0.000503736
0.000503677
0.000793299
0.000793023
0.000792769
0.000792637
0.000792682
0.000792889
0.00079318
0.000793442
0.000793575
0.000793531
0.00132246
0.00132204
0.00132161
0.00132134
0.00132133
0.00132159
0.00132203
0.00132248
0.00132275
0.00132276
0.00254557
0.00254484
0.00254405
0.0025435
0.00254338
0.00254372
0.00254442
0.00254522
0.00254582
0.00254598
0.00680244
0.00680085
0.00679928
0.00679832
0.0067983
0.00679925
0.00680083
0.00680244
0.00680345
0.00680346
0.00680245
0.00680086
0.00679929
0.00679832
0.0067983
0.00679925
0.00680083
0.00680244
0.00680344
0.00680346
0.00254557
0.00254484
0.00254405
0.0025435
0.00254338
0.00254372
0.00254442
0.00254522
0.00254582
0.00254597
0.00132246
0.00132204
0.00132162
0.00132134
0.00132133
0.00132159
0.00132203
0.00132247
0.00132275
0.00132276
0.0007933
0.000793025
0.000792771
0.000792638
0.000792682
0.000792888
0.000793178
0.00079344
0.000793574
0.000793531
0.000503505
0.000503324
0.000503175
0.000503119
0.000503179
0.000503334
0.000503525
0.000503678
0.000503736
0.000503677
0.000325192
0.000325078
0.000324996
0.000324979
0.000325036
0.000325145
0.000325265
0.00032535
0.000325369
0.000325313
0.000212715
0.00021265
0.000212611
0.000212616
0.000212662
0.000212733
0.000212801
0.000212842
0.000212839
0.000212793
0.000146771
0.000146741
0.000146733
0.000146751
0.000146789
0.000146833
0.000146865
0.000146875
0.000146857
0.000146819
0.000116771
0.000116759
0.000116768
0.000116794
0.000116829
0.000116858
0.000116871
0.000116864
0.000116838
0.000116803
0.000116771
0.000116759
0.000116768
0.000116795
0.000116829
0.000116858
0.000116872
0.000116864
0.000116838
0.000116803
0.000146771
0.000146741
0.000146733
0.000146752
0.00014679
0.000146833
0.000146866
0.000146875
0.000146857
0.000146819
0.000212714
0.000212649
0.000212611
0.000212616
0.000212662
0.000212734
0.000212802
0.000212842
0.000212839
0.000212793
0.000325192
0.000325078
0.000324995
0.000324979
0.000325036
0.000325145
0.000325266
0.000325351
0.000325369
0.000325313
0.000503504
0.000503323
0.000503174
0.000503119
0.000503179
0.000503335
0.000503526
0.000503679
0.000503736
0.000503677
0.000793299
0.000793023
0.000792769
0.000792637
0.000792682
0.000792889
0.00079318
0.000793442
0.000793575
0.000793531
0.00132246
0.00132204
0.00132161
0.00132134
0.00132133
0.00132159
0.00132203
0.00132248
0.00132275
0.00132276
0.00254557
0.00254484
0.00254405
0.0025435
0.00254338
0.00254372
0.00254442
0.00254522
0.00254582
0.00254598
0.00680244
0.00680085
0.00679928
0.00679832
0.0067983
0.00679925
0.00680083
0.00680244
0.00680345
0.00680346
0.00680244
0.00680085
0.00679929
0.00679832
0.0067983
0.00679925
0.00680084
0.00680244
0.00680344
0.00680346
0.00254556
0.00254484
0.00254405
0.0025435
0.00254338
0.00254373
0.00254442
0.00254522
0.00254582
0.00254597
0.00132246
0.00132204
0.00132161
0.00132134
0.00132133
0.00132159
0.00132203
0.00132247
0.00132275
0.00132276
0.000793299
0.000793023
0.00079277
0.000792638
0.000792682
0.000792889
0.000793179
0.000793441
0.000793575
0.000793531
0.000503504
0.000503323
0.000503175
0.000503119
0.000503179
0.000503335
0.000503525
0.000503678
0.000503736
0.000503677
0.000325192
0.000325078
0.000324995
0.000324979
0.000325036
0.000325145
0.000325265
0.00032535
0.000325369
0.000325313
0.000212714
0.00021265
0.000212611
0.000212616
0.000212662
0.000212733
0.000212802
0.000212842
0.000212839
0.000212793
0.000146771
0.000146741
0.000146733
0.000146752
0.00014679
0.000146833
0.000146865
0.000146875
0.000146857
0.000146819
0.000116771
0.000116759
0.000116768
0.000116795
0.000116829
0.000116858
0.000116872
0.000116864
0.000116838
0.000116803
0.000116771
0.000116759
0.000116768
0.000116795
0.000116829
0.000116859
0.000116872
0.000116864
0.000116838
0.000116803
0.000146771
0.000146741
0.000146733
0.000146752
0.00014679
0.000146833
0.000146866
0.000146875
0.000146857
0.000146819
0.000212714
0.000212649
0.000212611
0.000212616
0.000212663
0.000212734
0.000212802
0.000212842
0.000212839
0.000212793
0.000325191
0.000325077
0.000324995
0.000324979
0.000325036
0.000325146
0.000325266
0.000325351
0.000325369
0.000325313
0.000503504
0.000503322
0.000503174
0.000503118
0.00050318
0.000503335
0.000503526
0.000503679
0.000503737
0.000503677
0.000793298
0.000793022
0.000792768
0.000792636
0.000792682
0.00079289
0.000793181
0.000793443
0.000793576
0.000793531
0.00132246
0.00132204
0.00132161
0.00132134
0.00132133
0.00132159
0.00132203
0.00132248
0.00132275
0.00132276
0.00254556
0.00254484
0.00254405
0.0025435
0.00254338
0.00254373
0.00254442
0.00254522
0.00254582
0.00254598
0.00680244
0.00680085
0.00679928
0.00679831
0.0067983
0.00679926
0.00680084
0.00680245
0.00680345
0.00680346
0.00680243
0.00680084
0.00679927
0.00679831
0.0067983
0.00679926
0.00680085
0.00680246
0.00680345
0.00680346
0.00254556
0.00254483
0.00254404
0.00254349
0.00254338
0.00254373
0.00254443
0.00254523
0.00254582
0.00254598
0.00132246
0.00132204
0.00132161
0.00132134
0.00132133
0.00132159
0.00132203
0.00132248
0.00132275
0.00132276
0.000793297
0.000793021
0.000792767
0.000792636
0.000792682
0.00079289
0.000793182
0.000793443
0.000793575
0.00079353
0.000503503
0.000503322
0.000503173
0.000503118
0.00050318
0.000503336
0.000503527
0.000503679
0.000503736
0.000503676
0.000325191
0.000325077
0.000324995
0.000324979
0.000325036
0.000325146
0.000325266
0.000325351
0.000325369
0.000325312
0.000212714
0.000212649
0.000212611
0.000212616
0.000212663
0.000212734
0.000212802
0.000212842
0.000212839
0.000212793
0.000146771
0.000146741
0.000146733
0.000146752
0.00014679
0.000146833
0.000146866
0.000146875
0.000146857
0.000146819
0.000116771
0.000116759
0.000116768
0.000116795
0.000116829
0.000116859
0.000116872
0.000116864
0.000116837
0.000116803
0.00011677
0.000116759
0.000116768
0.000116795
0.00011683
0.000116859
0.000116872
0.000116864
0.000116837
0.000116803
0.000146771
0.000146741
0.000146733
0.000146752
0.00014679
0.000146834
0.000146866
0.000146875
0.000146857
0.000146819
0.000212713
0.000212648
0.00021261
0.000212616
0.000212663
0.000212734
0.000212803
0.000212843
0.000212839
0.000212792
0.00032519
0.000325076
0.000324994
0.000324979
0.000325037
0.000325147
0.000325267
0.000325351
0.000325369
0.000325312
0.000503502
0.00050332
0.000503172
0.000503118
0.00050318
0.000503337
0.000503528
0.00050368
0.000503737
0.000503676
0.000793296
0.000793019
0.000792765
0.000792635
0.000792682
0.000792891
0.000793183
0.000793445
0.000793576
0.00079353
0.00132245
0.00132203
0.00132161
0.00132134
0.00132133
0.0013216
0.00132204
0.00132248
0.00132275
0.00132276
0.00254556
0.00254483
0.00254404
0.00254349
0.00254338
0.00254373
0.00254443
0.00254523
0.00254583
0.00254598
0.00680243
0.00680083
0.00679927
0.0067983
0.00679829
0.00679926
0.00680085
0.00680246
0.00680346
0.00680346
0.00680242
0.00680081
0.00679925
0.00679829
0.00679829
0.00679927
0.00680087
0.00680248
0.00680346
0.00680346
0.00254555
0.00254482
0.00254403
0.00254349
0.00254338
0.00254373
0.00254444
0.00254524
0.00254583
0.00254598
0.00132245
0.00132203
0.0013216
0.00132133
0.00132133
0.0013216
0.00132204
0.00132248
0.00132276
0.00132276
0.000793293
0.000793016
0.000792763
0.000792634
0.000792683
0.000792893
0.000793185
0.000793446
0.000793577
0.000793529
0.0005035
0.000503319
0.000503171
0.000503117
0.000503181
0.000503338
0.000503529
0.000503681
0.000503737
0.000503675
0.000325189
0.000325075
0.000324993
0.000324978
0.000325037
0.000325147
0.000325268
0.000325352
0.000325369
0.000325311
0.000212713
0.000212648
0.00021261
0.000212616
0.000212663
0.000212735
0.000212803
0.000212843
0.000212839
0.000212792
0.00014677
0.000146741
0.000146733
0.000146752
0.000146791
0.000146834
0.000146866
0.000146875
0.000146857
0.000146818
0.00011677
0.000116759
0.000116769
0.000116796
0.00011683
0.000116859
0.000116872
0.000116863
0.000116837
0.000116802
0.00011677
0.000116759
0.000116768
0.000116796
0.00011683
0.000116859
0.000116872
0.000116864
0.000116837
0.000116802
0.00014677
0.00014674
0.000146733
0.000146752
0.000146791
0.000146834
0.000146866
0.000146875
0.000146857
0.000146818
0.000212712
0.000212647
0.00021261
0.000212616
0.000212664
0.000212735
0.000212804
0.000212843
0.000212839
0.000212791
0.000325188
0.000325074
0.000324993
0.000324978
0.000325037
0.000325148
0.000325268
0.000325352
0.000325369
0.000325311
0.000503499
0.000503317
0.00050317
0.000503117
0.000503181
0.000503339
0.00050353
0.000503682
0.000503737
0.000503675
0.000793292
0.000793014
0.000792761
0.000792633
0.000792682
0.000792894
0.000793187
0.000793448
0.000793578
0.000793529
0.00132245
0.00132203
0.0013216
0.00132133
0.00132133
0.0013216
0.00132204
0.00132249
0.00132276
0.00132276
0.00254555
0.00254482
0.00254403
0.00254348
0.00254337
0.00254373
0.00254444
0.00254524
0.00254584
0.00254598
0.00680241
0.00680081
0.00679924
0.00679829
0.00679829
0.00679927
0.00680087
0.00680248
0.00680347
0.00680346
0.00680239
0.00680078
0.00679921
0.00679827
0.00679829
0.00679929
0.0068009
0.00680251
0.00680348
0.00680345
0.00254554
0.00254481
0.00254402
0.00254347
0.00254337
0.00254374
0.00254445
0.00254526
0.00254584
0.00254598
0.00132244
0.00132202
0.00132159
0.00132133
0.00132133
0.0013216
0.00132205
0.00132249
0.00132276
0.00132276
0.000793287
0.000793009
0.000792758
0.000792632
0.000792684
0.000792898
0.000793192
0.000793451
0.000793578
0.000793526
0.000503496
0.000503314
0.000503168
0.000503116
0.000503182
0.000503341
0.000503533
0.000503683
0.000503737
0.000503672
0.000325186
0.000325072
0.000324991
0.000324978
0.000325038
0.00032515
0.00032527
0.000325353
0.000325368
0.000325309
0.000212711
0.000212646
0.000212609
0.000212616
0.000212664
0.000212736
0.000212804
0.000212843
0.000212838
0.00021279
0.000146769
0.00014674
0.000146733
0.000146753
0.000146791
0.000146835
0.000146866
0.000146874
0.000146856
0.000146817
0.00011677
0.000116759
0.000116769
0.000116796
0.000116831
0.00011686
0.000116872
0.000116863
0.000116836
0.000116801
0.00011677
0.000116759
0.000116769
0.000116796
0.000116831
0.00011686
0.000116872
0.000116863
0.000116836
0.000116801
0.000146769
0.00014674
0.000146733
0.000146753
0.000146792
0.000146835
0.000146867
0.000146875
0.000146856
0.000146817
0.00021271
0.000212646
0.000212609
0.000212616
0.000212665
0.000212737
0.000212805
0.000212843
0.000212838
0.00021279
0.000325185
0.000325071
0.000324991
0.000324978
0.000325039
0.00032515
0.000325271
0.000325353
0.000325368
0.000325309
0.000503495
0.000503313
0.000503166
0.000503116
0.000503182
0.000503342
0.000503534
0.000503684
0.000503737
0.000503672
0.000793286
0.000793007
0.000792756
0.000792631
0.000792684
0.000792899
0.000793193
0.000793453
0.000793579
0.000793526
0.00132244
0.00132202
0.00132159
0.00132133
0.00132133
0.00132161
0.00132205
0.0013225
0.00132276
0.00132276
0.00254554
0.0025448
0.00254401
0.00254347
0.00254337
0.00254374
0.00254446
0.00254526
0.00254585
0.00254598
0.00680239
0.00680077
0.00679921
0.00679827
0.00679829
0.00679929
0.00680091
0.00680252
0.00680349
0.00680345
)
;

boundaryField
{
    bottomWall
    {
        type            epsilonWallFunction;
        value           nonuniform List<scalar> 
100
(
0.00680239
0.00680242
0.00680243
0.00680244
0.00680245
0.00680245
0.00680244
0.00680243
0.00680242
0.00680239
0.00680078
0.00680081
0.00680084
0.00680085
0.00680086
0.00680086
0.00680085
0.00680084
0.00680081
0.00680078
0.00679921
0.00679925
0.00679927
0.00679929
0.00679929
0.00679929
0.00679929
0.00679927
0.00679925
0.00679921
0.00679827
0.00679829
0.00679831
0.00679832
0.00679832
0.00679832
0.00679832
0.00679831
0.00679829
0.00679827
0.00679829
0.00679829
0.0067983
0.0067983
0.0067983
0.0067983
0.0067983
0.0067983
0.00679829
0.00679829
0.00679929
0.00679927
0.00679926
0.00679925
0.00679925
0.00679925
0.00679925
0.00679926
0.00679927
0.00679929
0.0068009
0.00680087
0.00680085
0.00680084
0.00680083
0.00680083
0.00680084
0.00680085
0.00680087
0.0068009
0.00680251
0.00680248
0.00680246
0.00680244
0.00680244
0.00680244
0.00680244
0.00680246
0.00680248
0.00680251
0.00680348
0.00680346
0.00680345
0.00680344
0.00680344
0.00680344
0.00680344
0.00680345
0.00680346
0.00680348
0.00680345
0.00680346
0.00680346
0.00680346
0.00680346
0.00680346
0.00680346
0.00680346
0.00680346
0.00680345
)
;
        Cmu             0.09;
        kappa           0.41;
        E               9.8;
        value           nonuniform List<scalar> 
100
(
0.00680239
0.00680242
0.00680243
0.00680244
0.00680245
0.00680245
0.00680244
0.00680243
0.00680242
0.00680239
0.00680078
0.00680081
0.00680084
0.00680085
0.00680086
0.00680086
0.00680085
0.00680084
0.00680081
0.00680078
0.00679921
0.00679925
0.00679927
0.00679929
0.00679929
0.00679929
0.00679929
0.00679927
0.00679925
0.00679921
0.00679827
0.00679829
0.00679831
0.00679832
0.00679832
0.00679832
0.00679832
0.00679831
0.00679829
0.00679827
0.00679829
0.00679829
0.0067983
0.0067983
0.0067983
0.0067983
0.0067983
0.0067983
0.00679829
0.00679829
0.00679929
0.00679927
0.00679926
0.00679925
0.00679925
0.00679925
0.00679925
0.00679926
0.00679927
0.00679929
0.0068009
0.00680087
0.00680085
0.00680084
0.00680083
0.00680083
0.00680084
0.00680085
0.00680087
0.0068009
0.00680251
0.00680248
0.00680246
0.00680244
0.00680244
0.00680244
0.00680244
0.00680246
0.00680248
0.00680251
0.00680348
0.00680346
0.00680345
0.00680344
0.00680344
0.00680344
0.00680344
0.00680345
0.00680346
0.00680348
0.00680345
0.00680346
0.00680346
0.00680346
0.00680346
0.00680346
0.00680346
0.00680346
0.00680346
0.00680345
)
;
    }
    topWall
    {
        type            epsilonWallFunction;
        value           nonuniform List<scalar> 
100
(
0.00680239
0.00680241
0.00680243
0.00680244
0.00680244
0.00680244
0.00680244
0.00680243
0.00680241
0.00680239
0.00680077
0.00680081
0.00680083
0.00680085
0.00680085
0.00680085
0.00680085
0.00680083
0.00680081
0.00680077
0.00679921
0.00679924
0.00679926
0.00679928
0.00679928
0.00679928
0.00679928
0.00679927
0.00679924
0.00679921
0.00679827
0.00679829
0.0067983
0.00679831
0.00679832
0.00679832
0.00679831
0.0067983
0.00679829
0.00679827
0.00679829
0.00679829
0.00679829
0.0067983
0.0067983
0.0067983
0.0067983
0.00679829
0.00679829
0.00679829
0.00679929
0.00679927
0.00679926
0.00679926
0.00679925
0.00679925
0.00679926
0.00679926
0.00679927
0.00679929
0.00680091
0.00680087
0.00680085
0.00680084
0.00680083
0.00680083
0.00680084
0.00680085
0.00680087
0.00680091
0.00680252
0.00680248
0.00680246
0.00680245
0.00680244
0.00680244
0.00680245
0.00680246
0.00680248
0.00680252
0.00680349
0.00680347
0.00680346
0.00680345
0.00680345
0.00680345
0.00680345
0.00680346
0.00680347
0.00680349
0.00680345
0.00680346
0.00680346
0.00680346
0.00680346
0.00680346
0.00680346
0.00680346
0.00680346
0.00680345
)
;
        Cmu             0.09;
        kappa           0.41;
        E               9.8;
        value           nonuniform List<scalar> 
100
(
0.00680239
0.00680241
0.00680243
0.00680244
0.00680244
0.00680244
0.00680244
0.00680243
0.00680241
0.00680239
0.00680077
0.00680081
0.00680083
0.00680085
0.00680085
0.00680085
0.00680085
0.00680083
0.00680081
0.00680077
0.00679921
0.00679924
0.00679926
0.00679928
0.00679928
0.00679928
0.00679928
0.00679927
0.00679924
0.00679921
0.00679827
0.00679829
0.0067983
0.00679831
0.00679832
0.00679832
0.00679831
0.0067983
0.00679829
0.00679827
0.00679829
0.00679829
0.00679829
0.0067983
0.0067983
0.0067983
0.0067983
0.00679829
0.00679829
0.00679829
0.00679929
0.00679927
0.00679926
0.00679926
0.00679925
0.00679925
0.00679926
0.00679926
0.00679927
0.00679929
0.00680091
0.00680087
0.00680085
0.00680084
0.00680083
0.00680083
0.00680084
0.00680085
0.00680087
0.00680091
0.00680252
0.00680248
0.00680246
0.00680245
0.00680244
0.00680244
0.00680245
0.00680246
0.00680248
0.00680252
0.00680349
0.00680347
0.00680346
0.00680345
0.00680345
0.00680345
0.00680345
0.00680346
0.00680347
0.00680349
0.00680345
0.00680346
0.00680346
0.00680346
0.00680346
0.00680346
0.00680346
0.00680346
0.00680346
0.00680345
)
;
    }
    sides1_half0
    {
        type            cyclic;
    }
    sides1_half1
    {
        type            cyclic;
    }
    inout1_half0
    {
        type            cyclic;
    }
    inout1_half1
    {
        type            cyclic;
    }
}


// ************************************************************************* //
