/*--------------------------------*- C++ -*----------------------------------*\
| =========                 |                                                 |
| \\      /  F ield         | OpenFOAM: The Open Source CFD Toolbox           |
|  \\    /   O peration     | Version:  2.3.0                                 |
|   \\  /    A nd           | Web:      www.OpenFOAM.org                      |
|    \\/     M anipulation  |                                                 |
\*---------------------------------------------------------------------------*/
FoamFile
{
    version     2.0;
    format      ascii;
    class       surfaceScalarField;
    location    "400";
    object      phi;
}
// * * * * * * * * * * * * * * * * * * * * * * * * * * * * * * * * * * * * * //

dimensions      [0 3 -1 0 0 0 0];

internalField   nonuniform List<scalar> 
4940
(
0.0798881
5.10803e-06
-6.93539e-10
0.0798829
5.18905e-06
5.99956e-09
0.0798796
3.32616e-06
1.13422e-08
0.0798792
3.58443e-07
1.26149e-08
0.079882
-2.81058e-06
9.28682e-09
0.0798871
-5.07588e-06
1.34358e-09
0.0798925
-5.407e-06
-7.23205e-09
0.079896
-3.54418e-06
-1.26547e-08
0.0798963
-2.15578e-07
-1.23525e-08
3.0715e-06
-7.72814e-09
0.0952431
9.4195e-06
-3.41221e-09
0.0952388
9.41726e-06
6.3089e-09
0.0952365
5.6705e-06
1.43097e-08
0.0952371
-2.41901e-07
1.71697e-08
0.0952402
-6.00619e-06
1.41097e-08
0.0952446
-9.43263e-06
4.50545e-09
0.0952484
-9.24929e-06
-7.19797e-09
0.0952505
-5.56016e-06
-1.59438e-08
0.0952501
1.66958e-07
-1.72747e-08
5.81586e-06
-1.25637e-08
0.103789
1.23977e-05
-7.02087e-09
0.103787
1.12971e-05
5.67512e-09
0.103787
5.652e-06
1.66843e-08
0.103789
-2.19536e-06
2.22848e-08
0.103792
-9.08313e-06
1.92386e-08
0.103795
-1.23811e-05
8.22851e-09
0.103797
-1.0953e-05
-6.33417e-09
0.103797
-5.45123e-06
-1.82953e-08
0.103795
1.98778e-06
-2.27125e-08
8.7293e-06
-1.78591e-08
0.109654
1.37148e-05
-1.05794e-08
0.109654
1.12763e-05
5.23644e-09
0.109655
4.27293e-06
1.93968e-08
0.109657
-4.41163e-06
2.70952e-08
0.109659
-1.1254e-05
2.43581e-08
0.109661
-1.36489e-05
1.17983e-08
0.10966
-1.08517e-05
-5.75228e-09
0.109659
-4.0649e-06
-2.0904e-08
0.109657
4.11914e-06
-2.75917e-08
1.08481e-05
-2.31076e-08
0.113996
1.33866e-05
-1.36839e-08
0.113997
9.84895e-06
5.23581e-09
0.113999
2.30571e-06
2.24583e-08
0.114001
-6.15204e-06
3.19232e-08
0.114001
-1.20935e-05
2.92016e-08
0.114001
-1.32732e-05
1.48444e-08
0.114
-9.42317e-06
-5.66007e-09
0.113998
-2.13995e-06
-2.39898e-08
0.113996
5.82536e-06
-3.24297e-08
1.17156e-05
-2.80584e-08
0.117263
1.15815e-05
-1.60808e-08
0.117265
7.5617e-06
5.73449e-09
0.117267
4.56817e-07
2.56238e-08
0.117268
-6.83478e-06
3.64936e-08
0.117267
-1.13664e-05
3.34307e-08
0.117265
-1.14434e-05
1.71581e-08
0.117263
-7.20009e-06
-6.11899e-09
0.117261
-3.53577e-07
-2.69005e-08
0.11726
6.52903e-06
-3.6955e-08
1.10695e-05
-3.23807e-08
0.119628
8.54402e-06
-1.76521e-08
0.119631
4.9588e-06
6.62719e-09
0.119632
-6.52135e-07
2.86602e-08
0.119631
-6.01075e-06
4.0392e-08
0.119628
-8.96301e-06
3.67387e-08
0.119625
-8.41808e-06
1.86538e-08
0.119623
-4.70431e-06
-6.95855e-09
0.119622
6.99769e-07
-2.97999e-08
0.119623
5.77617e-06
-4.08198e-08
8.76989e-06
-3.57676e-08
0.121154
4.55842e-06
-1.8467e-08
0.121157
2.41999e-06
7.62584e-09
0.121157
-7.06823e-07
3.10274e-08
0.121154
-3.55792e-06
4.32087e-08
0.12115
-4.99179e-06
3.89291e-08
0.121146
-4.48355e-06
1.94157e-08
0.121144
-2.29041e-06
-7.86449e-09
0.121144
7.22234e-07
-3.20989e-08
0.121146
3.43112e-06
-4.36104e-08
4.89903e-06
-3.80165e-08
0.121892
1.85489e-08
-1.87513e-08
0.121894
2.11886e-08
8.23674e-09
0.121894
1.406e-08
3.23277e-08
0.12189
-5.42076e-10
4.46671e-08
0.121885
-1.42744e-08
3.99867e-08
0.12188
-2.06616e-08
1.96886e-08
0.121878
-1.83601e-08
-8.52458e-09
0.121879
-1.01593e-08
-3.3369e-08
0.121882
3.26375e-10
-4.5057e-08
1.01482e-08
-3.91029e-08
0.121892
-4.52765e-06
-1.87521e-08
0.121894
-2.3814e-06
8.25329e-09
0.121894
7.34999e-07
3.23341e-08
0.12189
3.56064e-06
4.46698e-08
0.121885
4.96935e-06
3.99905e-08
0.12188
4.44833e-06
1.96898e-08
0.121878
2.25749e-06
-8.52087e-09
0.121879
-7.42453e-07
-3.33677e-08
0.121882
-3.43411e-06
-4.506e-08
-4.88498e-06
-3.91061e-08
0.121154
-8.52886e-06
-1.84706e-08
0.121157
-4.92963e-06
7.63466e-09
0.121157
6.80377e-07
3.10418e-08
0.121154
6.02289e-06
4.3216e-08
0.12115
8.95568e-06
3.89405e-08
0.121146
8.39791e-06
1.94193e-08
0.121144
4.68074e-06
-7.8714e-09
0.121144
-7.19775e-07
-3.20932e-08
0.121146
-5.78811e-06
-4.36185e-08
-8.77112e-06
-3.80254e-08
0.119628
-1.15842e-05
-1.76616e-08
0.119631
-7.54386e-06
6.61946e-09
0.119632
-4.29181e-07
2.86738e-08
0.119631
6.85718e-06
4.04e-08
0.119628
1.13761e-05
3.6757e-08
0.119625
1.14405e-05
1.86623e-08
0.119623
7.18742e-06
-6.96558e-09
0.119622
3.3425e-07
-2.97852e-08
0.119623
-6.55052e-06
-4.08286e-08
-1.10876e-05
-3.57808e-08
0.117263
-1.34039e-05
-1.60983e-08
0.117265
-9.8418e-06
5.72091e-09
0.117267
-2.28042e-06
2.56587e-08
0.117268
6.18138e-06
3.64983e-08
0.117267
1.21164e-05
3.34533e-08
0.117265
1.32844e-05
1.71724e-08
0.117263
9.42033e-06
-6.11946e-09
0.117261
2.12267e-06
-2.68849e-08
0.11726
-5.85288e-06
-3.69563e-08
-1.17461e-05
-3.23968e-08
0.113996
-1.37414e-05
-1.37113e-08
0.113997
-1.1278e-05
5.2161e-09
0.113999
-4.25205e-06
2.25304e-08
0.114001
4.44289e-06
3.1932e-08
0.114001
1.12839e-05
2.92249e-08
0.114001
1.36691e-05
1.4863e-08
0.114
1.08565e-05
-5.65113e-09
0.113998
4.05133e-06
-2.4037e-08
0.113996
-4.14772e-06
-3.24242e-08
-1.08844e-05
-2.80754e-08
0.109654
-1.24272e-05
-1.06147e-08
0.109654
-1.13046e-05
5.20158e-09
0.109655
-5.63675e-06
1.93731e-08
0.109657
2.22375e-06
2.71015e-08
0.109659
9.1137e-06
2.43786e-08
0.109661
1.24047e-05
1.18202e-08
0.10966
1.09623e-05
-5.7374e-09
0.109659
5.44208e-06
-2.09313e-08
0.109657
-2.01306e-06
-2.75715e-08
-8.76465e-06
-2.31244e-08
0.103789
-9.44481e-06
-7.06088e-09
0.103787
-9.42632e-06
5.63416e-09
0.103787
-5.66099e-06
1.66625e-08
0.103789
2.63547e-07
2.23041e-08
0.103792
6.03156e-06
1.9253e-08
0.103795
9.45369e-06
8.24906e-09
0.103797
9.25919e-06
-6.30822e-09
0.103797
5.55468e-06
-1.8293e-08
0.103795
-1.86169e-07
-2.26857e-08
-5.84402e-06
-1.78748e-08
0.0952431
-5.12129e-06
-3.45183e-09
0.0952388
-5.19356e-06
6.2778e-09
0.0952365
-3.3212e-06
1.42982e-08
0.0952371
-3.47003e-07
1.72112e-08
0.0952402
2.82503e-06
1.41168e-08
0.0952446
5.08841e-06
4.52264e-09
0.0952485
5.41295e-06
-7.16484e-09
0.0952505
3.54024e-06
-1.59268e-08
0.0952501
2.03622e-07
-1.72717e-08
-3.08701e-06
-1.258e-08
0.0798881
-7.25678e-10
0.0798829
5.99206e-09
0.0798795
1.13478e-08
0.0798792
1.26418e-08
0.079882
9.28386e-09
0.0798871
1.35556e-09
0.0798925
-7.19268e-09
0.0798961
-1.2631e-08
0.0798963
-1.23506e-08
-7.75307e-09
0.0798882
5.07405e-06
-2.1797e-09
0.079883
5.19484e-06
8.40483e-09
0.0798796
3.36642e-06
1.68765e-08
0.0798792
4.2005e-07
1.94548e-08
0.0798819
-2.74559e-06
1.45764e-08
0.079887
-5.03539e-06
2.96306e-09
0.0798924
-5.40929e-06
-9.8079e-09
0.079896
-3.59126e-06
-1.84594e-08
0.0798963
-2.84368e-07
-1.87771e-08
3.01009e-06
-1.26687e-08
0.0952431
9.36132e-06
-5.85838e-09
0.0952389
9.43472e-06
8.59385e-09
0.0952365
5.75725e-06
2.05809e-08
0.095237
-1.20514e-07
2.52159e-08
0.0952402
-5.89528e-06
2.08415e-08
0.0952445
-9.37675e-06
7.19669e-09
0.0952484
-9.2694e-06
-9.68646e-09
0.0952504
-5.64762e-06
-2.2517e-08
0.0952501
4.85491e-08
-2.53436e-08
5.7072e-06
-1.89323e-08
0.103789
1.23462e-05
-1.02729e-08
0.103787
1.13445e-05
7.58807e-09
0.103787
5.78127e-06
2.31407e-08
0.103789
-2.03636e-06
3.09242e-08
0.103792
-8.956e-06
2.68832e-08
0.103795
-1.23357e-05
1.17611e-08
0.103797
-1.10046e-05
-8.43002e-09
0.103797
-5.57814e-06
-2.51513e-08
0.103795
1.83501e-06
-3.14152e-08
8.60318e-06
-2.51465e-08
0.109654
1.36859e-05
-1.45341e-08
0.109654
1.13555e-05
6.68904e-09
0.109655
4.4308e-06
2.58344e-08
0.109657
-4.23863e-06
3.61274e-08
0.109659
-1.11337e-05
3.26819e-08
0.109661
-1.36277e-05
1.60555e-08
0.10966
-1.09349e-05
-7.34165e-09
0.109659
-4.21841e-06
-2.77567e-08
0.109657
3.95321e-06
-3.67685e-08
1.07274e-05
-3.1095e-08
0.113996
1.33852e-05
-1.82644e-08
0.113997
9.95143e-06
6.22223e-09
0.113999
2.47336e-06
2.8647e-08
0.114001
-5.98677e-06
4.12147e-08
0.114001
-1.19955e-05
3.80706e-08
0.114001
-1.32795e-05
1.9755e-08
0.114
-9.52842e-06
-6.78284e-09
0.113998
-2.30263e-06
-3.04577e-08
0.113996
5.66643e-06
-4.19122e-08
1.16158e-05
-3.66152e-08
0.117263
1.16027e-05
-2.12051e-08
0.117265
7.67127e-06
6.32434e-09
0.117267
6.12744e-07
3.1744e-08
0.117268
-6.69511e-06
4.59919e-08
0.117267
-1.12976e-05
4.27464e-08
0.117265
-1.14711e-05
2.26081e-08
0.117263
-7.31109e-06
-6.78237e-09
0.117261
-5.04715e-07
-3.34319e-08
0.11726
6.39404e-06
-4.66652e-08
1.09984e-05
-4.1403e-08
0.119628
8.57433e-06
-2.32199e-08
0.11963
5.05319e-06
6.8944e-09
0.119632
-5.30083e-07
3.46526e-08
0.119631
-5.90991e-06
5.00425e-08
0.119628
-8.92263e-06
4.64145e-08
0.119625
-8.45282e-06
2.45497e-08
0.119623
-4.79918e-06
-7.29328e-09
0.119622
5.814e-07
-3.62281e-08
0.119623
5.67812e-06
-5.06874e-08
8.72727e-06
-4.5168e-08
0.121154
4.58e-06
-2.4354e-08
0.121157
2.47541e-06
7.62243e-09
0.121157
-6.39092e-07
3.69442e-08
0.121154
-3.50486e-06
5.29777e-08
0.12115
-4.97398e-06
4.88749e-08
0.121147
-4.50737e-06
2.56286e-08
0.121144
-2.34581e-06
-8.03195e-09
0.121144
6.56424e-07
-3.84313e-08
0.121146
3.37925e-06
-5.36001e-08
4.87992e-06
-4.76939e-08
0.121892
1.84874e-08
-2.48191e-08
0.121894
2.13247e-08
8.13144e-09
0.121894
1.43605e-08
3.82104e-08
0.12189
-1.46912e-10
5.45059e-08
0.121885
-1.39713e-08
5.00779e-08
0.121881
-2.06632e-08
2.60617e-08
0.121878
-1.86465e-08
-8.51198e-09
0.121879
-1.05539e-08
-3.96536e-08
0.121882
-1.21987e-10
-5.51156e-08
9.9772e-09
-4.89306e-08
0.121892
-4.54944e-06
-2.48238e-08
0.121894
-2.43662e-06
8.12184e-09
0.121894
6.67763e-07
3.82112e-08
0.12189
3.5083e-06
5.4512e-08
0.121885
4.95216e-06
5.00825e-08
0.121881
4.47222e-06
2.60651e-08
0.121878
2.31245e-06
-8.51491e-09
0.121879
-6.77302e-07
-3.966e-08
0.121882
-3.38306e-06
-5.51184e-08
-4.86622e-06
-4.89338e-08
0.121154
-8.55956e-06
-2.4367e-08
0.121157
-5.0241e-06
7.62101e-09
0.121157
5.5855e-07
3.69466e-08
0.121154
5.92258e-06
5.29954e-08
0.12115
8.91593e-06
4.88878e-08
0.121146
8.43291e-06
2.56357e-08
0.121144
4.77544e-06
-8.01873e-09
0.121144
-6.01737e-07
-3.84435e-08
0.121146
-5.69069e-06
-5.36076e-08
-8.72886e-06
-4.77035e-08
0.119628
-1.1606e-05
-2.3242e-08
0.119631
-7.65384e-06
6.87591e-09
0.119632
-5.85204e-07
3.46492e-08
0.119631
6.71779e-06
5.00679e-08
0.119628
1.13079e-05
4.64339e-08
0.119625
1.14686e-05
2.45626e-08
0.119623
7.29859e-06
-7.28765e-09
0.119622
4.85471e-07
-3.62428e-08
0.119623
-6.41594e-06
-5.06956e-08
-1.10168e-05
-4.51822e-08
0.117263
-1.34032e-05
-2.12358e-08
0.117265
-9.94496e-06
6.2926e-09
0.117267
-2.4484e-06
3.17373e-08
0.117268
6.0161e-06
4.60219e-08
0.117267
1.20189e-05
4.27689e-08
0.117265
1.32913e-05
2.26262e-08
0.117263
9.52599e-06
-6.77001e-09
0.117261
2.28579e-06
-3.34312e-08
0.11726
-5.69412e-06
-4.66689e-08
-1.16466e-05
-4.14196e-08
0.113996
-1.37132e-05
-1.83039e-08
0.113997
-1.1358e-05
6.1794e-09
0.113999
-4.41028e-06
2.86282e-08
0.114001
4.26961e-06
4.12455e-08
0.114001
1.11641e-05
3.80928e-08
0.114001
1.36485e-05
1.97775e-08
0.114
1.09402e-05
-6.7579e-09
0.113998
4.20541e-06
-3.04563e-08
0.113996
-3.98171e-06
-4.1913e-08
-1.07639e-05
-3.66315e-08
0.109654
-1.23763e-05
-1.45782e-08
0.109654
-1.13528e-05
6.64655e-09
0.109655
-5.76654e-06
2.58374e-08
0.109657
2.0643e-06
3.6138e-08
0.109659
8.98682e-06
3.27013e-08
0.109661
1.23598e-05
1.60791e-08
0.109661
1.10144e-05
-7.30684e-09
0.109659
5.56956e-06
-2.77192e-08
0.109657
-1.86003e-06
-3.67549e-08
-8.63855e-06
-3.11099e-08
0.103789
-9.38699e-06
-1.03185e-08
0.103787
-9.44443e-06
7.54755e-09
0.103787
-5.74826e-06
2.31771e-08
0.103789
1.41685e-07
3.09172e-08
0.103792
5.92074e-06
2.68959e-08
0.103795
9.39815e-06
1.17843e-08
0.103797
9.27977e-06
-8.38643e-09
0.103797
5.64266e-06
-2.51155e-08
0.103795
-6.74196e-08
-3.13883e-08
-5.73528e-06
-2.51597e-08
0.0952431
-5.08752e-06
-5.89572e-09
0.0952389
-5.1997e-06
8.56453e-09
0.0952365
-3.36169e-06
2.06074e-08
0.095237
-4.08915e-07
2.52411e-08
0.0952402
2.75998e-06
2.08451e-08
0.0952445
5.04808e-06
7.2144e-09
0.0952484
5.41552e-06
-9.63372e-09
0.0952505
3.58772e-06
-2.2472e-08
0.0952501
2.72634e-07
-2.53287e-08
-3.02563e-06
-1.89438e-08
0.0798882
-2.20716e-09
0.079883
8.40279e-09
0.0798796
1.69089e-08
0.0798792
1.93962e-08
0.0798819
1.45681e-08
0.079887
2.9757e-09
0.0798924
-9.74872e-09
0.079896
-1.83988e-08
0.0798963
-1.87759e-08
-1.26848e-08
0.0798883
5.04827e-06
-2.6961e-09
0.0798831
5.19538e-06
7.81378e-09
0.0798797
3.39105e-06
1.63305e-08
0.0798792
4.60822e-07
1.90466e-08
0.0798819
-2.70097e-06
1.44865e-08
0.0798869
-5.00532e-06
3.35399e-09
0.0798923
-5.40705e-06
-8.99848e-09
0.079896
-3.62005e-06
-1.76246e-08
0.0798963
-3.2943e-07
-1.85042e-08
2.96737e-06
-1.28985e-08
0.0952432
9.31599e-06
-5.88527e-09
0.095239
9.44017e-06
7.8214e-09
0.0952365
5.81172e-06
1.92357e-08
0.095237
-3.84441e-08
2.38372e-08
0.0952402
-5.81684e-06
1.97054e-08
0.0952445
-9.33294e-06
6.9553e-09
0.0952484
-9.27652e-06
-8.75641e-09
0.0952504
-5.70251e-06
-2.08496e-08
0.0952501
-3.08608e-08
-2.38703e-08
5.63032e-06
-1.81151e-08
0.103789
1.23025e-05
-9.43333e-09
0.103787
1.13687e-05
6.86503e-09
0.103787
5.86516e-06
2.10071e-08
0.103789
-1.92658e-06
2.81071e-08
0.103792
-8.86323e-06
2.43453e-08
0.103795
-1.2296e-05
1.06296e-08
0.103797
-1.10316e-05
-7.58994e-09
0.103797
-5.66048e-06
-2.26335e-08
0.103795
1.73027e-06
-2.84779e-08
8.51131e-06
-2.28963e-08
0.109654
1.36555e-05
-1.27535e-08
0.109654
1.14009e-05
5.92925e-09
0.109655
4.53583e-06
2.26949e-08
0.109657
-4.1167e-06
3.17359e-08
0.109659
-1.10427e-05
2.86114e-08
0.109661
-1.36025e-05
1.40048e-08
0.109661
-1.09831e-05
-6.4956e-09
0.109659
-4.32053e-06
-2.43567e-08
0.109657
3.83698e-06
-3.22426e-08
1.06364e-05
-2.72889e-08
0.113995
1.33729e-05
-1.56281e-08
0.113997
1.00134e-05
5.29721e-09
0.113999
2.58678e-06
2.44258e-08
0.114001
-5.86795e-06
3.51574e-08
0.114001
-1.19179e-05
3.2476e-08
0.114001
-1.32725e-05
1.68737e-08
0.114
-9.59252e-06
-5.75771e-09
0.113998
-2.41227e-06
-2.5996e-08
0.113996
5.55278e-06
-3.57166e-08
1.15374e-05
-3.12624e-08
0.117263
1.16066e-05
-1.79002e-08
0.117265
7.73951e-06
5.0655e-09
0.117267
7.1962e-07
2.63822e-08
0.117268
-6.5928e-06
3.83205e-08
0.117267
-1.12399e-05
3.57798e-08
0.117265
-1.14795e-05
1.9092e-08
0.117263
-7.38043e-06
-5.44652e-09
0.117261
-6.07986e-07
-2.77594e-08
0.11726
6.29567e-06
-3.88916e-08
1.09393e-05
-3.4656e-08
0.119628
8.58668e-06
-1.94826e-08
0.11963
5.11299e-06
5.17774e-09
0.119632
-4.45676e-07
2.8108e-08
0.119631
-5.83486e-06
4.09725e-08
0.119629
-8.88618e-06
3.83516e-08
0.119626
-8.46833e-06
2.06346e-08
0.119623
-4.85927e-06
-5.51473e-09
0.119622
4.99714e-07
-2.94219e-08
0.119623
5.60555e-06
-4.15431e-08
8.6894e-06
-3.73005e-08
0.121154
4.59011e-06
-2.04175e-08
0.121157
2.51081e-06
5.44365e-09
0.121157
-5.91999e-07
2.94763e-08
0.121154
-3.46494e-06
4.28838e-08
0.121151
-4.95675e-06
4.00657e-08
0.121147
-4.51903e-06
2.15209e-08
0.121144
-2.38126e-06
-5.785e-09
0.121144
6.10751e-07
-3.07507e-08
0.121146
3.34051e-06
-4.34467e-08
4.86184e-06
-3.90673e-08
0.121892
1.84682e-08
-2.08202e-08
0.121894
2.14746e-08
5.69158e-09
0.121894
1.46141e-08
3.02424e-08
0.12189
1.77022e-10
4.38739e-08
0.121885
-1.37575e-08
4.0901e-08
0.121881
-2.06364e-08
2.18971e-08
0.121878
-1.88707e-08
-5.99543e-09
0.121879
-1.08888e-08
-3.14811e-08
0.121882
-3.61598e-10
-4.44306e-08
9.82567e-09
-3.99312e-08
0.121892
-4.55961e-06
-2.08221e-08
0.121894
-2.47182e-06
5.69562e-09
0.121894
6.21095e-07
3.02414e-08
0.12189
3.46897e-06
4.38764e-08
0.121885
4.93533e-06
4.09041e-08
0.121881
4.48396e-06
2.18994e-08
0.121878
2.3475e-06
-5.99592e-09
0.121879
-6.32233e-07
-3.14831e-08
0.121882
-3.34474e-06
-4.44317e-08
-4.84842e-06
-3.99334e-08
0.121154
-8.57205e-06
-2.04247e-08
0.121157
-5.08387e-06
5.45057e-09
0.121157
4.74354e-07
2.94786e-08
0.121154
5.84797e-06
4.28918e-08
0.121151
8.87983e-06
4.00739e-08
0.121147
8.44856e-06
2.15255e-08
0.121144
4.83533e-06
-5.78025e-09
0.121144
-5.20492e-07
-3.07507e-08
0.121146
-5.61838e-06
-4.34507e-08
-8.69122e-06
-3.90739e-08
0.119628
-1.16101e-05
-1.94953e-08
0.11963
-7.72226e-06
5.16954e-09
0.119632
-6.92121e-07
2.81032e-08
0.119631
6.61577e-06
4.0983e-08
0.119629
1.12505e-05
3.83641e-08
0.119625
1.14772e-05
2.06425e-08
0.119623
7.36791e-06
-5.49727e-09
0.119622
5.88484e-07
-2.94214e-08
0.119623
-6.31763e-06
-4.15476e-08
-1.09578e-05
-3.73097e-08
0.117263
-1.33912e-05
-1.79187e-08
0.117265
-1.00073e-05
5.05151e-09
0.117267
-2.56208e-06
2.63564e-08
0.117268
5.89744e-06
3.83253e-08
0.117267
1.19415e-05
3.5795e-08
0.117265
1.32845e-05
1.9103e-08
0.117263
9.59022e-06
-5.42788e-09
0.117261
2.39534e-06
-2.77529e-08
0.11726
-5.58036e-06
-3.88925e-08
-1.15682e-05
-3.46663e-08
0.113995
-1.3683e-05
-1.56522e-08
0.113997
-1.14038e-05
5.28452e-09
0.113999
-4.51587e-06
2.44653e-08
0.114001
4.14776e-06
3.51525e-08
0.114001
1.10731e-05
3.24912e-08
0.114001
1.36236e-05
1.6888e-08
0.114
1.09886e-05
-5.7355e-09
0.113998
4.30759e-06
-2.59833e-08
0.113996
-3.86527e-06
-3.57112e-08
-1.06729e-05
-3.12724e-08
0.109654
-1.23327e-05
-1.27809e-08
0.109654
-1.13774e-05
5.91056e-09
0.109655
-5.85102e-06
2.27427e-08
0.109657
1.95452e-06
3.17295e-08
0.109659
8.89404e-06
2.86233e-08
0.109661
1.23202e-05
1.40191e-08
0.109661
1.10417e-05
-6.46854e-09
0.109659
5.65211e-06
-2.43437e-08
0.109657
-1.75503e-06
-3.22254e-08
-8.54659e-06
-2.72974e-08
0.103789
-9.34182e-06
-9.45887e-09
0.103787
-9.45022e-06
6.84225e-09
0.103787
-5.80317e-06
2.1019e-08
0.103789
5.9568e-08
2.80976e-08
0.103792
5.84223e-06
2.43508e-08
0.103795
9.35448e-06
1.06497e-08
0.103797
9.28711e-06
-7.5524e-09
0.103797
5.69776e-06
-2.26238e-08
0.103795
1.22335e-08
-2.84528e-08
-5.6583e-06
-2.29026e-08
0.0952432
-5.06186e-06
-5.91047e-09
0.0952389
-5.20043e-06
7.80129e-09
0.0952365
-3.38653e-06
1.92611e-08
0.095237
-4.49623e-07
2.38282e-08
0.0952402
2.71529e-06
1.97029e-08
0.0952445
5.01808e-06
6.97091e-09
0.0952484
5.41342e-06
-8.71526e-09
0.0952505
3.61666e-06
-2.083e-08
0.0952501
3.17843e-07
-2.38727e-08
-2.98287e-06
-1.81213e-08
0.0798882
-2.72011e-09
0.079883
7.80365e-09
0.0798797
1.63571e-08
0.0798792
1.90947e-08
0.0798819
1.44757e-08
0.0798869
3.36997e-09
0.0798924
-8.9547e-09
0.079896
-1.76084e-08
0.0798963
-1.85102e-08
-1.29056e-08
0.0798883
5.03305e-06
-1.73924e-09
0.0798831
5.19819e-06
4.453e-09
0.0798797
3.40962e-06
9.47367e-09
0.0798792
4.89079e-07
1.10703e-08
0.0798819
-2.67141e-06
8.48604e-09
0.0798869
-4.98702e-06
2.0697e-09
0.0798923
-5.40812e-06
-5.1326e-09
0.0798959
-3.64168e-06
-1.01427e-08
0.0798963
-3.609e-07
-1.07694e-08
2.93934e-06
-7.60443e-09
0.0952432
9.28856e-06
-3.49657e-09
0.095239
9.44763e-06
4.50474e-09
0.0952366
5.8515e-06
1.11744e-08
0.095237
1.83085e-08
1.38498e-08
0.0952401
-5.76474e-06
1.14344e-08
0.0952445
-9.30645e-06
4.06372e-09
0.0952483
-9.28517e-06
-5.04788e-09
0.0952504
-5.74279e-06
-1.20263e-08
0.0952501
-8.60731e-08
-1.38272e-08
5.57936e-06
-1.05469e-08
0.103789
1.22761e-05
-5.38091e-09
0.103787
1.13888e-05
4.00775e-09
0.103787
5.92465e-06
1.21534e-08
0.103789
-1.85098e-06
1.61512e-08
0.103792
-8.80149e-06
1.39401e-08
0.103795
-1.22723e-05
6.02892e-09
0.103797
-1.10537e-05
-4.43105e-09
0.103797
-5.71904e-06
-1.30324e-08
0.103795
1.6578e-06
-1.63373e-08
8.45019e-06
-1.31293e-08
0.109654
1.36375e-05
-7.1262e-09
0.109654
1.14346e-05
3.50126e-09
0.109655
4.6088e-06
1.30197e-08
0.109657
-4.03304e-06
1.80428e-08
0.109659
-1.09819e-05
1.61806e-08
0.109661
-1.3588e-05
7.82137e-09
0.109661
-1.10187e-05
-3.82724e-09
0.109659
-4.39178e-06
-1.38886e-08
0.109657
3.75696e-06
-1.83215e-08
1.05756e-05
-1.54414e-08
0.113995
1.3366e-05
-8.62943e-09
0.113997
1.00571e-05
3.13882e-09
0.113999
2.66444e-06
1.38967e-08
0.114001
-5.7867e-06
1.97839e-08
0.114001
-1.18658e-05
1.81682e-08
0.114001
-1.32693e-05
9.32244e-09
0.114
-9.63763e-06
-3.40022e-09
0.113998
-2.4879e-06
-1.47206e-08
0.113996
5.47491e-06
-2.0096e-08
1.14847e-05
-1.74913e-08
0.117263
1.16097e-05
-9.81641e-09
0.117265
7.78633e-06
2.97187e-09
0.117267
7.9209e-07
1.47943e-08
0.117268
-6.5231e-06
2.13619e-08
0.117267
-1.12009e-05
1.98436e-08
0.117265
-1.14857e-05
1.04867e-08
0.117263
-7.428e-06
-3.18988e-09
0.117261
-6.78373e-07
-1.55867e-08
0.11726
6.22857e-06
-2.168e-08
1.08993e-05
-1.92186e-08
0.119628
8.5949e-06
-1.06448e-08
0.11963
5.15333e-06
2.97795e-09
0.119632
-3.88967e-07
1.56228e-08
0.119631
-5.78392e-06
2.26655e-08
0.119629
-8.86137e-06
2.11355e-08
0.119626
-8.47871e-06
1.12872e-08
0.119623
-4.89985e-06
-3.17484e-09
0.119622
4.44621e-07
-1.63719e-08
0.119623
5.55626e-06
-2.29841e-08
8.66362e-06
-2.05514e-08
0.121154
4.59667e-06
-1.1132e-08
0.121157
2.53443e-06
3.08841e-09
0.121157
-5.60646e-07
1.62681e-08
0.121154
-3.43794e-06
2.35947e-08
0.121151
-4.94495e-06
2.19919e-08
0.121147
-4.5267e-06
1.1759e-08
0.121144
-2.40492e-06
-3.26804e-09
0.121144
5.802e-07
-1.69953e-08
0.121146
3.31428e-06
-2.3913e-08
4.84945e-06
-2.14357e-08
0.121892
1.83997e-08
-1.13437e-08
0.121894
2.15147e-08
3.1935e-09
0.121894
1.45596e-08
1.66299e-08
0.12189
3.78712e-10
2.40736e-08
0.121885
-1.36096e-08
2.24078e-08
0.121881
-2.06261e-08
1.19614e-08
0.121878
-1.89566e-08
-3.34465e-09
0.121879
-1.09854e-08
-1.73374e-08
0.121882
-5.30324e-10
-2.43907e-08
9.69284e-09
-2.18669e-08
0.121892
-4.56633e-06
-1.13445e-08
0.121894
-2.49538e-06
3.18944e-09
0.121894
5.89577e-07
1.66322e-08
0.12189
3.44233e-06
2.40739e-08
0.121885
4.92381e-06
2.24094e-08
0.121881
4.49166e-06
1.19628e-08
0.121878
2.37104e-06
-3.34746e-09
0.121879
-6.01823e-07
-1.73389e-08
0.121882
-3.3188e-06
-2.43915e-08
-4.83628e-06
-2.18681e-08
0.121154
-8.58046e-06
-1.11347e-08
0.121157
-5.12423e-06
3.08434e-09
0.121157
4.17352e-07
1.62738e-08
0.121155
5.7973e-06
2.35953e-08
0.121151
8.85525e-06
2.19964e-08
0.121147
8.45902e-06
1.17623e-08
0.121144
4.87587e-06
-3.26181e-09
0.121144
-4.6541e-07
-1.6995e-08
0.121146
-5.56928e-06
-2.39146e-08
-8.66564e-06
-2.14393e-08
0.119628
-1.16134e-05
-1.06505e-08
0.11963
-7.76921e-06
2.98978e-09
0.119632
-7.65045e-07
1.56326e-08
0.119631
6.5462e-06
2.26653e-08
0.119629
1.12117e-05
2.11425e-08
0.119626
1.14835e-05
1.12922e-08
0.119623
7.41557e-06
-3.16547e-09
0.119622
6.59007e-07
-1.63691e-08
0.119623
-6.2506e-06
-2.29855e-08
-1.0918e-05
-2.05567e-08
0.117263
-1.33845e-05
-9.82521e-09
0.117265
-1.00512e-05
2.97843e-09
0.117267
-2.64039e-06
1.48162e-08
0.117268
5.81619e-06
2.13645e-08
0.117267
1.18896e-05
1.98512e-08
0.117265
1.32814e-05
1.04935e-08
0.117263
9.63552e-06
-3.17731e-09
0.117261
2.47122e-06
-1.55804e-08
0.11726
-5.50245e-06
-2.16786e-08
-1.15156e-05
-1.9225e-08
0.113995
-1.36652e-05
-8.64184e-09
0.113997
-1.14377e-05
3.13509e-09
0.113999
-4.58938e-06
1.38403e-08
0.114001
4.06396e-06
1.9788e-08
0.114001
1.10124e-05
1.81746e-08
0.114001
1.36092e-05
9.3312e-09
0.114
1.10244e-05
-3.38405e-09
0.113998
4.37919e-06
-1.47221e-08
0.113996
-3.78512e-06
-2.00916e-08
-1.06121e-05
-1.74978e-08
0.109654
-1.23065e-05
-7.14106e-09
0.109654
-1.13977e-05
3.49571e-09
0.109655
-5.91094e-06
1.29767e-08
0.109657
1.87869e-06
1.80495e-08
0.109659
8.83233e-06
1.61852e-08
0.109661
1.22966e-05
7.83097e-09
0.109661
1.1064e-05
-3.80341e-09
0.109659
5.71101e-06
-1.3891e-08
0.109657
-1.68239e-06
-1.83142e-08
-8.48544e-06
-1.54473e-08
0.103789
-9.31447e-06
-5.39592e-09
0.103787
-9.45784e-06
4.00404e-09
0.103787
-5.84331e-06
1.21138e-08
0.103789
2.569e-09
1.61489e-08
0.103792
5.79013e-06
1.39422e-08
0.103795
9.32804e-06
6.03882e-09
0.103797
9.29593e-06
-4.40677e-09
0.103797
5.73832e-06
-1.30217e-08
0.103795
6.76253e-08
-1.63275e-08
-5.60728e-06
-1.31344e-08
0.0952432
-5.04668e-06
-3.51202e-09
0.095239
-5.20333e-06
4.50371e-09
0.0952365
-3.40529e-06
1.1132e-08
0.095237
-4.78114e-07
1.38542e-08
0.0952401
2.68572e-06
1.14333e-08
0.0952445
4.99979e-06
4.06974e-09
0.0952483
5.4146e-06
-5.02001e-09
0.0952504
3.63846e-06
-1.20141e-08
0.0952501
3.4941e-07
-1.38362e-08
-2.95481e-06
-1.05522e-08
0.0798883
-1.74867e-09
0.0798831
4.45769e-09
0.0798797
9.43168e-09
0.0798792
1.10884e-08
0.0798819
8.48219e-09
0.0798869
2.0788e-09
0.0798923
-5.10063e-09
0.079896
-1.01328e-08
0.0798963
-1.07831e-08
-7.60892e-09
0.0798883
5.02655e-06
1.28534e-13
0.0798831
5.19993e-06
9.66962e-11
0.0798797
3.41835e-06
1.66439e-10
0.0798792
5.01772e-07
1.75201e-10
0.0798819
-2.65837e-06
1.20128e-10
0.0798869
-4.9792e-06
9.80119e-12
0.0798923
-5.40914e-06
-1.01708e-10
0.0798959
-3.65168e-06
-1.73949e-10
0.0798963
-3.75041e-07
-1.71701e-10
2.92698e-06
-1.06338e-10
0.0952432
9.27695e-06
-3.1179e-11
0.095239
9.45194e-06
9.81558e-11
0.0952366
5.87018e-06
1.98286e-10
0.095237
4.38327e-08
2.24914e-10
0.0952401
-5.74184e-06
1.68903e-10
0.0952444
-9.29537e-06
3.9673e-11
0.0952483
-9.29008e-06
-1.05362e-10
0.0952504
-5.76144e-06
-2.08341e-10
0.0952501
-1.10877e-07
-2.23121e-10
5.55693e-06
-1.5489e-10
0.103789
1.22653e-05
-6.31898e-11
0.103787
1.13991e-05
9.16476e-11
0.103787
5.95233e-06
2.18131e-10
0.103789
-1.81719e-06
2.66655e-10
0.103792
-8.77459e-06
2.11455e-10
0.103795
-1.22628e-05
7.04417e-11
0.103797
-1.10649e-05
-9.9525e-11
0.103797
-5.74602e-06
-2.28852e-10
0.103795
1.62545e-06
-2.66945e-10
8.42352e-06
-1.9781e-10
0.109654
1.36307e-05
-9.15146e-11
0.109654
1.1451e-05
8.51006e-11
0.109655
4.64252e-06
2.34859e-10
0.109657
-3.9959e-06
2.99779e-10
0.109659
-1.09557e-05
2.48714e-10
0.109661
-1.35829e-05
9.81058e-11
0.109661
-1.1036e-05
-9.32394e-11
0.109659
-4.42427e-06
-2.46124e-10
0.109657
3.72144e-06
-3.00882e-10
1.05494e-05
-2.3549e-10
0.113995
1.33643e-05
-1.14663e-10
0.113997
1.00779e-05
8.08738e-11
0.113999
2.70019e-06
2.50883e-10
0.114001
-5.75088e-06
3.28866e-10
0.114001
-1.18437e-05
2.80679e-10
0.114001
-1.32693e-05
1.20795e-10
0.114
-9.65916e-06
-8.88657e-11
0.113998
-2.52212e-06
-2.61921e-10
0.113996
5.44055e-06
-3.30491e-10
1.14622e-05
-2.67964e-10
0.117263
1.16124e-05
-1.32018e-10
0.117265
7.80825e-06
7.93889e-11
0.117267
8.25229e-07
2.6615e-10
0.117268
-6.49258e-06
3.5441e-10
0.117267
-1.11847e-05
3.06532e-10
0.117265
-1.14898e-05
1.37967e-10
0.117263
-7.45039e-06
-8.7418e-11
0.117261
-7.10064e-07
-2.77311e-10
0.11726
6.19915e-06
-3.5591e-10
1.08826e-05
-2.94446e-10
0.119628
8.59957e-06
-1.43796e-10
0.11963
5.17201e-06
8.04332e-11
0.119632
-3.63089e-07
2.79565e-10
0.119631
-5.76177e-06
3.74174e-10
0.119629
-8.85125e-06
3.25707e-10
0.119626
-8.48439e-06
1.49288e-10
0.119623
-4.9188e-06
-8.83968e-11
0.119622
4.19917e-07
-2.90159e-10
0.119623
5.5348e-06
-3.75993e-10
8.65307e-06
-3.14172e-10
0.121154
4.60016e-06
-1.50461e-10
0.121157
2.54528e-06
8.24831e-11
0.121157
-5.46221e-07
2.89357e-10
0.121154
-3.42627e-06
3.87694e-10
0.121151
-4.94024e-06
3.37918e-10
0.121147
-4.53069e-06
1.55462e-10
0.121144
-2.41594e-06
-9.05109e-11
0.121144
5.66539e-07
-2.99828e-10
0.121146
3.30292e-06
-3.89778e-10
4.84448e-06
-3.26835e-10
0.121892
1.83703e-08
-1.53306e-10
0.121894
2.14669e-08
8.4206e-11
0.121894
1.49031e-08
2.94536e-10
0.12189
4.2152e-10
3.94468e-10
0.121885
-1.35382e-08
3.43647e-10
0.121881
-2.06106e-08
1.57943e-10
0.121878
-1.90387e-08
-9.18655e-11
0.121879
-1.10349e-08
-3.04949e-10
0.121882
-5.78695e-10
-3.96669e-10
9.65353e-09
-3.32867e-10
0.121892
-4.56988e-06
-1.53295e-10
0.121894
-2.50637e-06
8.41191e-11
0.121894
5.75825e-07
2.94486e-10
0.12189
3.43074e-06
3.9448e-10
0.121885
4.91923e-06
3.43651e-10
0.121881
4.4957e-06
1.57942e-10
0.121878
2.3819e-06
-9.18883e-11
0.121879
-5.8824e-07
-3.04945e-10
0.121882
-3.30752e-06
-3.96664e-10
-4.83139e-06
-3.32885e-10
0.121154
-8.58521e-06
-1.50436e-10
0.121157
-5.1431e-06
8.2599e-11
0.121157
3.92105e-07
2.89217e-10
0.121155
5.77517e-06
3.87704e-10
0.121151
8.84526e-06
3.37927e-10
0.121147
8.46476e-06
1.55421e-10
0.121144
4.89472e-06
-9.03168e-11
0.121144
-4.4073e-07
-2.99726e-10
0.121146
-5.54785e-06
-3.89741e-10
-8.65515e-06
-3.26882e-10
0.119628
-1.16162e-05
-1.43785e-10
0.11963
-7.79134e-06
8.05771e-11
0.119632
-7.97591e-07
2.79549e-10
0.119631
6.51564e-06
3.74132e-10
0.119629
1.11955e-05
3.25704e-10
0.119626
1.14877e-05
1.49166e-10
0.119623
7.4379e-06
-8.81784e-11
0.119622
6.90738e-07
-2.89947e-10
0.119623
-6.22117e-06
-3.75887e-10
-1.09013e-05
-3.14222e-10
0.117263
-1.33829e-05
-1.31985e-10
0.117265
-1.00722e-05
7.98084e-11
0.117267
-2.67553e-06
2.66573e-10
0.117268
5.78028e-06
3.54298e-10
0.117267
1.18675e-05
3.06459e-10
0.117265
1.32815e-05
1.37752e-10
0.117263
9.65704e-06
-8.72083e-11
0.117261
2.50554e-06
-2.76945e-10
0.11726
-5.46802e-06
-3.55677e-10
-1.14932e-05
-2.94486e-10
0.113995
-1.36585e-05
-1.14593e-10
0.113997
-1.14543e-05
8.12222e-11
0.113999
-4.62269e-06
2.51912e-10
0.114001
4.02672e-06
3.29132e-10
0.114001
1.09863e-05
2.80439e-10
0.114001
1.36042e-05
1.20483e-10
0.114
1.10418e-05
-8.8642e-11
0.113998
4.41178e-06
-2.61725e-10
0.113996
-3.7495e-06
-3.30135e-10
-1.05859e-05
-2.67987e-10
0.109654
-1.22958e-05
-9.13221e-11
0.109654
-1.14082e-05
8.58561e-11
0.109655
-5.93837e-06
2.36521e-10
0.109657
1.84481e-06
3.00015e-10
0.109659
8.80544e-06
2.48307e-10
0.109661
1.22872e-05
9.77254e-11
0.109661
1.10753e-05
-9.27679e-11
0.109659
5.73808e-06
-2.45893e-10
0.109657
-1.64992e-06
-3.00404e-10
-8.45876e-06
-2.3552e-10
0.103789
-9.30291e-06
-6.28174e-11
0.103787
-9.4623e-06
9.28781e-11
0.103787
-5.86182e-06
2.20112e-10
0.103789
-2.30422e-08
2.66814e-10
0.103792
5.76723e-06
2.10857e-10
0.103795
9.31701e-06
6.99172e-11
0.103797
9.30088e-06
-9.90336e-11
0.103797
5.75706e-06
-2.28379e-10
0.103795
9.254e-08
-2.66283e-10
-5.58484e-06
-1.97885e-10
0.0952432
-5.04021e-06
-3.03686e-11
0.095239
-5.20515e-06
9.99894e-11
0.0952365
-3.41394e-06
2.00698e-10
0.095237
-4.90845e-07
2.25213e-10
0.0952401
2.67267e-06
1.68081e-10
0.0952445
4.992e-06
3.90866e-11
0.0952483
5.41564e-06
-1.0469e-10
0.0952504
3.64852e-06
-2.07744e-10
0.0952502
3.63616e-07
-2.22815e-10
-2.94245e-06
-1.55111e-10
0.0798883
7.80734e-13
0.0798831
9.92779e-11
0.0798797
1.6924e-10
0.0798792
1.75573e-10
0.0798819
1.1914e-10
0.0798869
9.34657e-12
0.0798923
-1.00812e-10
0.0798959
-1.73387e-10
0.0798963
-1.71545e-10
-1.06766e-10
0.0798883
5.02651e-06
1.74105e-09
0.0798831
5.20001e-06
-4.27858e-09
0.0798797
3.41853e-06
-9.19572e-09
0.0798792
5.01987e-07
-1.07852e-08
0.0798819
-2.65818e-06
-8.29734e-09
0.0798869
-4.97913e-06
-2.06123e-09
0.0798923
-5.40922e-06
4.95538e-09
0.0798959
-3.65189e-06
9.85534e-09
0.0798963
-3.75286e-07
1.0496e-08
2.92681e-06
7.44046e-09
0.0952432
9.27687e-06
3.45235e-09
0.095239
9.4521e-06
-4.32689e-09
0.0952366
5.87054e-06
-1.08298e-08
0.095237
4.42447e-08
-1.34629e-08
0.0952401
-5.74153e-06
-1.11471e-08
0.0952444
-9.29529e-06
-3.99178e-09
0.0952483
-9.29025e-06
4.86026e-09
0.0952504
-5.76181e-06
1.16645e-08
0.0952501
-1.11289e-07
1.34446e-08
5.55663e-06
1.02863e-08
0.103789
1.22653e-05
5.27017e-09
0.103787
1.13993e-05
-3.84506e-09
0.103787
5.95283e-06
-1.17685e-08
0.103789
-1.81668e-06
-1.56788e-08
0.103792
-8.77424e-06
-1.3565e-08
0.103795
-1.22628e-05
-5.90748e-09
0.103797
-1.10652e-05
4.25525e-09
0.103797
-5.74651e-06
1.26269e-08
0.103795
1.62494e-06
1.58652e-08
8.42317e-06
1.27798e-08
0.109654
1.36307e-05
6.95817e-09
0.109654
1.14513e-05
-3.35405e-09
0.109655
4.64308e-06
-1.26015e-08
0.109657
-3.99536e-06
-1.75003e-08
0.109659
-1.09554e-05
-1.5727e-08
0.109661
-1.3583e-05
-7.63853e-09
0.109661
-1.10364e-05
3.66548e-09
0.109659
-4.42483e-06
1.34456e-08
0.109657
3.72091e-06
1.77772e-08
1.05491e-05
1.50124e-08
0.113995
1.33644e-05
8.41133e-09
0.113997
1.00783e-05
-3.00218e-09
0.113999
2.70077e-06
-1.34478e-08
0.114001
-5.75038e-06
-1.918e-08
0.114001
-1.18434e-05
-1.76464e-08
0.114001
-1.32694e-05
-9.09115e-09
0.114
-9.65958e-06
3.24753e-09
0.113998
-2.52267e-06
1.42447e-08
0.113996
5.44005e-06
1.94881e-08
1.1462e-05
1.69929e-08
0.117263
1.16126e-05
9.55861e-09
0.117265
7.80865e-06
-2.83873e-09
0.117267
8.25739e-07
-1.43042e-08
0.117268
-6.49217e-06
-2.07044e-08
0.117267
-1.11845e-05
-1.92651e-08
0.117265
-1.149e-05
-1.02156e-08
0.117263
-7.45079e-06
3.04121e-09
0.117261
-7.10557e-07
1.5079e-08
0.11726
6.19875e-06
2.10166e-08
1.08824e-05
1.86626e-08
0.119628
8.59972e-06
1.03604e-08
0.11963
5.17233e-06
-2.84353e-09
0.119632
-3.62704e-07
-1.51067e-08
0.119631
-5.76149e-06
-2.19648e-08
0.119629
-8.85117e-06
-2.05144e-08
0.119626
-8.48455e-06
-1.09931e-08
0.119623
-4.91913e-06
3.02467e-09
0.119622
4.19546e-07
1.58359e-08
0.119623
5.53451e-06
2.22761e-08
8.65298e-06
1.99516e-08
0.121154
4.60025e-06
1.08321e-08
0.121157
2.54547e-06
-2.94985e-09
0.121157
-5.46011e-07
-1.57312e-08
0.121154
-3.42613e-06
-2.28634e-08
0.121151
-4.94021e-06
-2.13432e-08
0.121147
-4.53079e-06
-1.14465e-08
0.121144
-2.41613e-06
3.11357e-09
0.121144
5.66339e-07
1.64374e-08
0.121146
3.30278e-06
2.31738e-08
4.84445e-06
2.08073e-08
0.121892
1.83682e-08
1.1037e-08
0.121894
2.1468e-08
-3.0519e-09
0.121894
1.49064e-08
-1.60812e-08
0.12189
4.21755e-10
-2.33265e-08
0.121885
-1.35375e-08
-2.17459e-08
0.121881
-2.06138e-08
-1.16454e-08
0.121878
-1.904e-08
3.1867e-09
0.121879
-1.10335e-08
1.67677e-08
0.121882
-5.79144e-10
2.36358e-08
9.65208e-09
2.12246e-08
0.121892
-4.56998e-06
1.10377e-08
0.121894
-2.50655e-06
-3.04779e-09
0.121894
5.75621e-07
-1.60834e-08
0.12189
3.43059e-06
-2.33267e-08
0.121885
4.91921e-06
-2.17474e-08
0.121881
4.49579e-06
-1.16467e-08
0.121878
2.38209e-06
3.1894e-09
0.121879
-5.88037e-07
1.67692e-08
0.121882
-3.30738e-06
2.36366e-08
-4.83135e-06
2.12258e-08
0.121154
-8.58536e-06
1.08346e-08
0.121157
-5.14342e-06
-2.94633e-09
0.121157
3.91724e-07
-1.57368e-08
0.121155
5.77488e-06
-2.28635e-08
0.121151
8.84518e-06
-2.13477e-08
0.121147
8.46491e-06
-1.14499e-08
0.121144
4.89504e-06
3.10721e-09
0.121144
-4.40355e-07
1.6437e-08
0.121146
-5.54757e-06
2.31756e-08
-8.65506e-06
2.08108e-08
0.119628
-1.16163e-05
1.03659e-08
0.11963
-7.79174e-06
-2.85523e-09
0.119632
-7.98098e-07
-1.51171e-08
0.119631
6.51523e-06
-2.19638e-08
0.119629
1.11954e-05
-2.05213e-08
0.119626
1.14879e-05
-1.09979e-08
0.119623
7.43831e-06
3.01526e-09
0.119622
6.91237e-07
1.58331e-08
0.119623
-6.22076e-06
2.22777e-08
-1.09012e-05
1.99569e-08
0.117263
-1.3383e-05
9.56704e-09
0.117265
-1.00726e-05
-2.84547e-09
0.117267
-2.6761e-06
-1.43283e-08
0.117268
5.77978e-06
-2.07063e-08
0.117267
1.18673e-05
-1.92726e-08
0.117265
1.32816e-05
-1.02219e-08
0.117263
9.65746e-06
3.0287e-09
0.117261
2.5061e-06
1.50728e-08
0.11726
-5.46753e-06
2.10157e-08
-1.14929e-05
1.86689e-08
0.113995
-1.36585e-05
8.42311e-09
0.113997
-1.14547e-05
-2.99769e-09
0.113999
-4.62326e-06
-1.33859e-08
0.114001
4.02617e-06
-1.91836e-08
0.114001
1.0986e-05
-1.76529e-08
0.114001
1.36042e-05
-9.09997e-09
0.114
1.10422e-05
3.23162e-09
0.113998
4.41235e-06
1.42465e-08
0.113996
-3.74897e-06
1.94845e-08
-1.05856e-05
1.69995e-08
0.109654
-1.22958e-05
6.97247e-09
0.109654
-1.14084e-05
-3.34728e-09
0.109655
-5.93886e-06
-1.25536e-08
0.109657
1.84428e-06
-1.75067e-08
0.109659
8.80509e-06
-1.57321e-08
0.109661
1.22872e-05
-7.64852e-09
0.109661
1.10756e-05
3.64125e-09
0.109659
5.73858e-06
1.34488e-08
0.109657
-1.64941e-06
1.77711e-08
-8.45841e-06
1.50184e-08
0.103789
-9.30283e-06
5.28501e-09
0.103787
-9.46246e-06
-3.83872e-09
0.103787
-5.86218e-06
-1.17233e-08
0.103789
-2.34568e-08
-1.56766e-08
0.103792
5.76691e-06
-1.35683e-08
0.103795
9.31692e-06
-5.92057e-09
0.103797
9.30106e-06
4.2313e-09
0.103797
5.75743e-06
1.26177e-08
0.103795
9.29536e-08
1.5857e-08
-5.58453e-06
1.27849e-08
0.0952432
-5.04017e-06
3.46799e-09
0.095239
-5.20523e-06
-4.32097e-09
0.0952365
-3.41412e-06
-1.07805e-08
0.095237
-4.91063e-07
-1.34667e-08
0.0952401
2.67248e-06
-1.11478e-08
0.0952445
4.99192e-06
-4.00222e-09
0.0952483
5.41572e-06
4.8328e-09
0.0952504
3.64873e-06
1.16538e-08
0.0952502
3.63862e-07
1.3455e-08
-2.94227e-06
1.02909e-08
0.0798883
1.75381e-09
0.0798831
-4.27518e-09
0.0798797
-9.1447e-09
0.0798792
-1.08029e-08
0.0798819
-8.29604e-09
0.0798869
-2.07865e-09
0.0798923
4.92391e-09
0.0798959
9.84724e-09
0.0798963
1.05101e-08
7.44422e-09
0.0798883
5.03281e-06
2.73615e-09
0.0798831
5.19837e-06
-7.6963e-09
0.0798797
3.41008e-06
-1.61458e-08
0.0798792
4.89694e-07
-1.88756e-08
0.0798819
-2.67084e-06
-1.43851e-08
0.0798869
-4.98674e-06
-3.36286e-09
0.0798923
-5.40828e-06
8.8944e-09
0.0798959
-3.64223e-06
1.74568e-08
0.0798963
-3.61584e-07
1.83492e-08
2.93881e-06
1.28029e-08
0.0952432
9.28818e-06
5.85663e-09
0.095239
9.44802e-06
-7.71903e-09
0.0952366
5.85248e-06
-1.90252e-08
0.095237
1.95256e-08
-2.36117e-08
0.0952401
-5.76376e-06
-1.95384e-08
0.0952445
-9.3061e-06
-6.91879e-09
0.0952483
-9.2856e-06
8.65331e-09
0.0952504
-5.74381e-06
2.0644e-08
0.0952501
-8.72667e-08
2.3654e-08
5.57841e-06
1.79611e-08
0.103789
1.22758e-05
9.34752e-09
0.103787
1.13895e-05
-6.78758e-09
0.103787
5.92605e-06
-2.07811e-08
0.103789
-1.84941e-06
-2.78218e-08
0.103792
-8.80039e-06
-2.41102e-08
0.103795
-1.22721e-05
-1.05437e-08
0.103797
-1.10545e-05
7.50168e-09
0.103797
-5.72046e-06
2.24014e-08
0.103795
1.65629e-06
2.81982e-08
8.4491e-06
2.26792e-08
0.109654
1.36374e-05
1.26143e-08
0.109654
1.14356e-05
-5.87152e-09
0.109655
4.61046e-06
-2.24481e-08
0.109657
-4.03135e-06
-3.13985e-08
0.109659
-1.09809e-05
-2.83106e-08
0.109661
-1.35881e-05
-1.38635e-08
0.109661
-1.10198e-05
6.42123e-09
0.109659
-4.39345e-06
2.40986e-08
0.109657
3.75533e-06
3.19064e-08
1.05746e-05
2.70084e-08
0.113995
1.33663e-05
1.54437e-08
0.113997
1.00584e-05
-5.25188e-09
0.113999
2.66615e-06
-2.41564e-08
0.114001
-5.78512e-06
-3.47686e-08
0.114001
-1.1865e-05
-3.21145e-08
0.114001
-1.32696e-05
-1.66867e-08
0.114
-9.63889e-06
5.69369e-09
0.113998
-2.4896e-06
2.57111e-08
0.113996
5.47338e-06
3.53247e-08
1.14838e-05
3.09221e-08
0.117263
1.16101e-05
1.76815e-08
0.117265
7.78757e-06
-5.02545e-09
0.117267
7.93657e-07
-2.60948e-08
0.117268
-6.52178e-06
-3.78826e-08
0.117267
-1.12004e-05
-3.53661e-08
0.117265
-1.14862e-05
-1.88693e-08
0.117263
-7.42925e-06
5.38678e-09
0.117261
-6.7992e-07
2.74447e-08
0.11726
6.22729e-06
3.84483e-08
1.08987e-05
3.42629e-08
0.119628
8.59533e-06
1.92423e-08
0.11963
5.15437e-06
-5.13583e-09
0.119632
-3.87763e-07
-2.77918e-08
0.119631
-5.78299e-06
-4.04929e-08
0.119629
-8.86109e-06
-3.78972e-08
0.119626
-8.47918e-06
-2.03872e-08
0.119623
-4.90088e-06
5.45383e-09
0.119622
4.43437e-07
2.90792e-08
0.119623
5.55536e-06
4.10566e-08
8.66332e-06
3.68658e-08
0.121154
4.59695e-06
2.01603e-08
0.121157
2.53503e-06
-5.39757e-09
0.121157
-5.59987e-07
-2.91379e-08
0.121154
-3.43745e-06
-4.23746e-08
0.121151
-4.94484e-06
-3.95842e-08
0.121147
-4.52699e-06
-2.12597e-08
0.121144
-2.40551e-06
5.71847e-09
0.121144
5.79554e-07
3.03862e-08
0.121146
3.31381e-06
4.29291e-08
4.84933e-06
3.86047e-08
0.121892
1.84038e-08
2.0556e-08
0.121894
2.15275e-08
-5.64124e-09
0.121894
1.45611e-08
-2.98921e-08
0.12189
3.8837e-10
-4.33494e-08
0.121885
-1.36082e-08
-4.04064e-08
0.121881
-2.06226e-08
-2.16319e-08
0.121878
-1.89551e-08
5.92522e-09
0.121879
-1.09846e-08
3.11046e-08
0.121882
-5.31849e-10
4.38969e-08
9.68844e-09
3.94549e-08
0.121892
-4.5666e-06
2.05577e-08
0.121894
-2.49595e-06
-5.64535e-09
0.121894
5.8892e-07
-2.98907e-08
0.12189
3.44187e-06
-4.33518e-08
0.121885
4.92371e-06
-4.04094e-08
0.121881
4.49197e-06
-2.16343e-08
0.121878
2.37163e-06
5.92577e-09
0.121879
-6.01174e-07
3.11066e-08
0.121882
-3.31833e-06
4.38982e-08
-4.83616e-06
3.94571e-08
0.121154
-8.58088e-06
2.01673e-08
0.121157
-5.12524e-06
-5.40358e-09
0.121157
4.16145e-07
-2.91391e-08
0.121155
5.79638e-06
-4.23822e-08
0.121151
8.85498e-06
-3.95922e-08
0.121147
8.4595e-06
-2.12647e-08
0.121144
4.87691e-06
5.71336e-09
0.121144
-4.64219e-07
3.03864e-08
0.121146
-5.56837e-06
4.29331e-08
-8.66534e-06
3.86113e-08
0.119628
-1.16138e-05
1.92543e-08
0.11963
-7.77044e-06
-5.12759e-09
0.119632
-7.66623e-07
-2.77845e-08
0.119631
6.5449e-06
-4.05027e-08
0.119629
1.12112e-05
-3.79093e-08
0.119626
1.1484e-05
-2.03958e-08
0.119623
7.41682e-06
5.4363e-09
0.119622
6.60563e-07
2.9079e-08
0.119623
-6.24932e-06
4.10612e-08
-1.09175e-05
3.68751e-08
0.117263
-1.33847e-05
1.76997e-08
0.117265
-1.00524e-05
-5.01068e-09
0.117267
-2.64212e-06
-2.60639e-08
0.117268
5.81461e-06
-3.78861e-08
0.117267
1.18888e-05
-3.5381e-08
0.117265
1.32817e-05
-1.88814e-08
0.117263
9.63678e-06
5.36787e-09
0.117261
2.47294e-06
2.74389e-08
0.11726
-5.50091e-06
3.84497e-08
-1.15148e-05
3.42735e-08
0.113995
-1.36651e-05
1.54671e-08
0.113997
-1.14387e-05
-5.23762e-09
0.113999
-4.59107e-06
-2.41967e-08
0.114001
4.06228e-06
-3.47618e-08
0.114001
1.10114e-05
-3.213e-08
0.114001
1.36093e-05
-1.67029e-08
0.114
1.10255e-05
5.67017e-09
0.113998
4.38086e-06
2.56996e-08
0.113996
-3.78349e-06
3.53205e-08
-1.06111e-05
3.09325e-08
0.109654
-1.23062e-05
1.26414e-08
0.109654
-1.13984e-05
-5.8488e-09
0.109655
-5.91236e-06
-2.24915e-08
0.109657
1.87712e-06
-3.13899e-08
0.109659
8.83122e-06
-2.83237e-08
0.109661
1.22964e-05
-1.38807e-08
0.109661
1.10648e-05
6.39392e-09
0.109659
5.71244e-06
2.40865e-08
0.109657
-1.68086e-06
3.18913e-08
-8.48435e-06
2.70175e-08
0.103789
-9.31407e-06
9.37421e-09
0.103787
-9.45823e-06
-6.75728e-09
0.103787
-5.84429e-06
-2.07907e-08
0.103789
1.35345e-09
-2.781e-08
0.103792
5.78914e-06
-2.41184e-08
0.103795
9.32769e-06
-1.05673e-08
0.103797
9.29637e-06
7.46314e-09
0.103797
5.73934e-06
2.23928e-08
0.103795
6.88281e-08
2.81765e-08
-5.60633e-06
2.26858e-08
0.0952432
-5.04643e-06
5.89493e-09
0.095239
-5.20351e-06
-7.68609e-09
0.0952365
-3.40576e-06
-1.90415e-08
0.095237
-4.78726e-07
-2.36014e-08
0.0952401
2.68514e-06
-1.95406e-08
0.0952445
4.99952e-06
-6.93963e-09
0.0952483
5.41476e-06
8.61149e-09
0.0952504
3.63901e-06
2.06269e-08
0.0952501
3.50099e-07
2.36601e-08
-2.95428e-06
1.79676e-08
0.0798883
2.76696e-09
0.0798831
-7.66748e-09
0.0798797
-1.61617e-08
0.0798792
-1.89187e-08
0.0798819
-1.4381e-08
0.0798869
-3.38425e-09
0.0798923
8.85091e-09
0.079896
1.74431e-08
0.0798963
1.83588e-08
1.28082e-08
0.0798883
5.04779e-06
2.23281e-09
0.0798831
5.19559e-06
-8.36191e-09
0.0798797
3.39189e-06
-1.69134e-08
0.0798792
4.62022e-07
-1.95687e-08
0.0798819
-2.6998e-06
-1.46937e-08
0.0798869
-5.00469e-06
-3.02328e-09
0.0798923
-5.40722e-06
9.82157e-09
0.0798959
-3.62106e-06
1.85592e-08
0.0798963
-3.30771e-07
1.8917e-08
2.96627e-06
1.27745e-08
0.0952432
9.31513e-06
5.899e-09
0.095239
9.44068e-06
-8.58998e-09
0.0952365
5.8135e-06
-2.06334e-08
0.095237
-3.60905e-08
-2.53191e-08
0.0952402
-5.81482e-06
-2.09437e-08
0.0952445
-9.33208e-06
-7.24865e-09
0.0952483
-9.27711e-06
9.70333e-09
0.0952504
-5.70435e-06
2.26035e-08
0.0952501
-3.31793e-08
2.54682e-08
5.62834e-06
1.90345e-08
0.103789
1.23018e-05
1.03052e-08
0.103787
1.13698e-05
-7.6173e-09
0.103787
5.86774e-06
-2.32067e-08
0.103789
-1.92351e-06
-3.10165e-08
0.103792
-8.86092e-06
-2.6958e-08
0.103795
-1.22953e-05
-1.1789e-08
0.103797
-1.10328e-05
8.46078e-09
0.103797
-5.66308e-06
2.52301e-08
0.103795
1.7273e-06
3.15183e-08
8.509e-06
2.52292e-08
0.109654
1.36552e-05
1.45376e-08
0.109654
1.14026e-05
-6.74303e-09
0.109655
4.53895e-06
-2.5909e-08
0.109657
-4.11338e-06
-3.61981e-08
0.109659
-1.10405e-05
-3.27233e-08
0.109661
-1.36023e-05
-1.60552e-08
0.109661
-1.09849e-05
7.38839e-09
0.109659
-4.3236e-06
2.78302e-08
0.109657
3.83378e-06
3.68426e-08
1.06342e-05
3.11458e-08
0.113995
1.3373e-05
1.82352e-08
0.113997
1.00155e-05
-6.29595e-09
0.113999
2.59004e-06
-2.87222e-08
0.114001
-5.8648e-06
-4.12584e-08
0.114001
-1.19161e-05
-3.80753e-08
0.114001
-1.32728e-05
-1.97225e-08
0.114
-9.59465e-06
6.8433e-09
0.113998
-2.41547e-06
3.05151e-08
0.113996
5.54973e-06
4.19538e-08
1.15355e-05
3.66297e-08
0.117263
1.16071e-05
2.11489e-08
0.117265
7.74163e-06
-6.40976e-09
0.117267
7.22611e-07
-3.18095e-08
0.117268
-6.59014e-06
-4.60082e-08
0.117267
-1.12387e-05
-4.27155e-08
0.117265
-1.14801e-05
-2.25493e-08
0.117263
-7.38261e-06
6.85195e-09
0.117261
-6.1091e-07
3.34764e-08
0.11726
6.29309e-06
4.66749e-08
1.09379e-05
4.13809e-08
0.119628
8.58727e-06
2.31402e-08
0.11963
5.11478e-06
-6.98588e-09
0.119632
-4.43359e-07
-3.47062e-08
0.119631
-5.83294e-06
-5.00322e-08
0.119629
-8.88543e-06
-4.63524e-08
0.119626
-8.46902e-06
-2.44663e-08
0.119623
-4.86109e-06
7.36702e-09
0.119622
4.97452e-07
3.62562e-08
0.119623
5.60368e-06
5.06662e-08
8.6886e-06
4.51137e-08
0.121154
4.5905e-06
2.4256e-08
0.121157
2.51184e-06
-7.7159e-09
0.121157
-5.90718e-07
-3.69858e-08
0.121154
-3.46392e-06
-5.29462e-08
0.121151
-4.95641e-06
-4.87904e-08
0.121147
-4.51949e-06
-2.55293e-08
0.121144
-2.38232e-06
8.10658e-09
0.121144
6.09502e-07
3.84446e-08
0.121146
3.33952e-06
5.35545e-08
4.86147e-06
4.7616e-08
0.121892
1.84377e-08
2.47072e-08
0.121894
2.14672e-08
-8.22831e-09
0.121894
1.46326e-08
-3.82442e-08
0.12189
2.1064e-10
-5.44619e-08
0.121885
-1.37298e-08
-4.9981e-08
0.121881
-2.06373e-08
-2.59551e-08
0.121878
-1.88873e-08
8.58378e-09
0.121879
-1.09018e-08
3.96571e-08
0.121882
-3.85587e-10
5.50561e-08
9.80457e-09
4.88389e-08
0.121892
-4.56007e-06
2.471e-08
0.121894
-2.47287e-06
-8.21986e-09
0.121894
6.19846e-07
-3.82441e-08
0.12189
3.46802e-06
-5.44664e-08
0.121885
4.93504e-06
-4.99845e-08
0.121881
4.48442e-06
-2.59586e-08
0.121878
2.34853e-06
8.58494e-09
0.121879
-6.31004e-07
3.96615e-08
0.121882
-3.34379e-06
5.50577e-08
-4.84809e-06
4.88419e-08
0.121154
-8.57269e-06
2.42654e-08
0.121157
-5.08568e-06
-7.71957e-09
0.121157
4.72061e-07
-3.69857e-08
0.121154
5.84611e-06
-5.29594e-08
0.121151
8.87912e-06
-4.87999e-08
0.121147
8.44926e-06
-2.55369e-08
0.121144
4.83714e-06
8.09003e-09
0.121144
-5.18237e-07
3.84511e-08
0.121146
-5.61654e-06
5.35585e-08
-8.69045e-06
4.76245e-08
0.119628
-1.16106e-05
2.31557e-08
0.11963
-7.7244e-06
-6.97178e-09
0.119632
-6.95098e-07
-3.46976e-08
0.119631
6.61315e-06
-5.00501e-08
0.119629
1.12493e-05
-4.63661e-08
0.119625
1.14778e-05
-2.44791e-08
0.119623
7.37008e-06
7.35581e-09
0.119622
5.91415e-07
3.62623e-08
0.119623
-6.31507e-06
5.0669e-08
-1.09565e-05
4.51256e-08
0.117263
-1.33913e-05
2.11726e-08
0.117265
-1.00094e-05
-6.38104e-09
0.117267
-2.56534e-06
-3.17951e-08
0.117268
5.89431e-06
-4.60278e-08
0.117267
1.19397e-05
-4.273e-08
0.117265
1.32848e-05
-2.25668e-08
0.117263
9.59235e-06
6.83308e-09
0.117261
2.39855e-06
3.34692e-08
0.11726
-5.57731e-06
4.6672e-08
-1.15664e-05
4.13935e-08
0.113995
-1.36827e-05
1.82673e-08
0.113997
-1.14055e-05
-6.25561e-09
0.113999
-4.51899e-06
-2.86913e-08
0.114001
4.14445e-06
-4.1276e-08
0.114001
1.1071e-05
-3.80884e-08
0.114001
1.36234e-05
-1.97445e-08
0.114
1.09904e-05
6.81214e-09
0.113998
4.31069e-06
3.05069e-08
0.113996
-3.86206e-06
4.19487e-08
-1.06707e-05
3.66406e-08
0.109654
-1.2332e-05
1.45749e-08
0.109654
-1.13785e-05
-6.70119e-09
0.109655
-5.85361e-06
-2.59073e-08
0.109657
1.95145e-06
-3.61933e-08
0.109659
8.89173e-06
-3.27344e-08
0.109661
1.23196e-05
-1.60793e-08
0.109661
1.10429e-05
7.34651e-09
0.109659
5.65473e-06
2.77879e-08
0.109657
-1.75205e-06
3.68243e-08
-8.54428e-06
3.11547e-08
0.103789
-9.34097e-06
1.03461e-08
0.103787
-9.45073e-06
-7.57081e-09
0.103787
-5.80495e-06
-2.32312e-08
0.103789
5.72066e-08
-3.09933e-08
0.103792
5.84021e-06
-2.69657e-08
0.103795
9.3536e-06
-1.18163e-08
0.103797
9.2877e-06
8.4107e-09
0.103797
5.69962e-06
2.51946e-08
0.103795
1.45609e-08
3.14892e-08
-5.65631e-06
2.52363e-08
0.0952432
-5.06137e-06
5.92846e-09
0.0952389
-5.20064e-06
-8.54462e-09
0.0952365
-3.38738e-06
-2.06462e-08
0.095237
-4.50836e-07
-2.53304e-08
0.0952402
2.71412e-06
-2.0948e-08
0.0952445
5.01742e-06
-7.27283e-09
0.0952484
5.41359e-06
9.64472e-09
0.0952505
3.61768e-06
2.25612e-08
0.0952501
3.19191e-07
2.54546e-08
-2.98177e-06
1.90419e-08
0.0798882
2.27112e-09
0.079883
-8.3281e-09
0.0798797
-1.69284e-08
0.0798792
-1.95091e-08
0.0798819
-1.46928e-08
0.0798869
-3.05728e-09
0.0798924
9.75799e-09
0.079896
1.85058e-08
0.0798963
1.89189e-08
1.27866e-08
0.0798882
5.0733e-06
6.53345e-10
0.079883
5.19505e-06
-6.24605e-09
0.0798796
3.3673e-06
-1.16425e-08
0.0798792
4.2136e-07
-1.28767e-08
0.0798819
-2.74417e-06
-9.43799e-09
0.079887
-5.03445e-06
-1.32223e-09
0.0798924
-5.40927e-06
7.43041e-09
0.079896
-3.59221e-06
1.29335e-08
0.0798963
-2.85833e-07
1.2602e-08
3.00872e-06
7.85898e-09
0.0952431
9.36002e-06
3.42627e-09
0.0952389
9.43524e-06
-6.53805e-09
0.0952365
5.75923e-06
-1.46862e-08
0.095237
-1.1783e-07
-1.75577e-08
0.0952402
-5.89281e-06
-1.43797e-08
0.0952445
-9.37545e-06
-4.54237e-09
0.0952484
-9.26976e-06
7.41589e-09
0.0952504
-5.64947e-06
1.63149e-08
0.0952501
4.5961e-08
1.76518e-08
5.70473e-06
1.28051e-08
0.103789
1.23451e-05
7.11553e-09
0.103787
1.13458e-05
-5.87449e-09
0.103787
5.78431e-06
-1.71112e-08
0.103789
-2.03277e-06
-2.27794e-08
0.103792
-8.95312e-06
-1.96216e-08
0.103795
-1.23346e-05
-8.34126e-09
0.103797
-1.10057e-05
6.54107e-09
0.103797
-5.58094e-06
1.873e-08
0.103795
1.83159e-06
2.3202e-08
8.60028e-06
1.82093e-08
0.109654
1.36853e-05
1.07491e-08
0.109654
1.13575e-05
-5.41087e-09
0.109655
4.43457e-06
-1.98664e-08
0.109657
-4.23464e-06
-2.76826e-08
0.109659
-1.1131e-05
-2.48427e-08
0.109661
-1.36272e-05
-1.19843e-08
0.10966
-1.09367e-05
5.94402e-09
0.109659
-4.22188e-06
2.13876e-08
0.109657
3.94942e-06
2.81775e-08
1.07246e-05
2.35574e-08
0.113996
1.33852e-05
1.39174e-08
0.113997
9.95402e-06
-5.3943e-09
0.113999
2.4774e-06
-2.29557e-08
0.114001
-5.98289e-06
-3.25941e-08
0.114001
-1.19932e-05
-2.97751e-08
0.114001
-1.32796e-05
-1.50926e-08
0.114
-9.53083e-06
5.8429e-09
0.113998
-2.30637e-06
2.45192e-08
0.113996
5.66274e-06
3.31013e-08
1.16135e-05
2.85968e-08
0.117263
1.16033e-05
1.63635e-08
0.117265
7.67402e-06
-5.88924e-09
0.117267
6.16535e-07
-2.61694e-08
0.117268
-6.69178e-06
-3.72367e-08
0.117267
-1.1296e-05
-3.4078e-08
0.117265
-1.14717e-05
-1.74544e-08
0.117263
-7.31366e-06
6.30216e-09
0.117261
-5.08244e-07
2.74893e-08
0.11726
6.39085e-06
3.77004e-08
1.09967e-05
3.29937e-08
0.119628
8.57507e-06
1.79695e-08
0.11963
5.05556e-06
-6.78526e-09
0.119632
-5.27091e-07
-2.92494e-08
0.119631
-5.90748e-06
-4.11922e-08
0.119628
-8.92162e-06
-3.74417e-08
0.119625
-8.4536e-06
-1.89829e-08
0.119623
-4.80138e-06
7.14836e-09
0.119622
5.78603e-07
3.04271e-08
0.119623
5.67576e-06
4.16253e-08
8.72619e-06
3.64378e-08
0.121154
4.58054e-06
1.88072e-08
0.121157
2.47683e-06
-7.78593e-09
0.121157
-6.37414e-07
-3.16449e-08
0.121154
-3.50357e-06
-4.40486e-08
0.12115
-4.97352e-06
-3.96685e-08
0.121147
-4.50789e-06
-1.97656e-08
0.121144
-2.3471e-06
8.06284e-09
0.121144
6.54852e-07
3.27547e-08
0.121146
3.37799e-06
4.44583e-08
4.87943e-06
3.87242e-08
0.121892
1.85147e-08
1.91022e-08
0.121894
2.13892e-08
-8.39389e-09
0.121894
1.43928e-08
-3.29597e-08
0.12189
-1.51575e-10
-4.55271e-08
0.121885
-1.3956e-08
-4.07438e-08
0.121881
-2.06455e-08
-2.00458e-08
0.121878
-1.86488e-08
8.73037e-09
0.121879
-1.05787e-08
3.404e-08
0.121882
-1.39159e-10
4.59264e-08
9.98344e-09
3.98286e-08
0.121892
-4.54993e-06
1.91061e-08
0.121894
-2.43793e-06
-8.40278e-09
0.121894
6.66141e-07
-3.29637e-08
0.12189
3.50701e-06
-4.55296e-08
0.121885
4.95173e-06
-4.07477e-08
0.121881
4.47278e-06
-2.0047e-08
0.121878
2.31374e-06
8.72662e-09
0.121879
-6.75774e-07
3.40384e-08
0.121882
-3.38183e-06
4.59296e-08
-4.86572e-06
3.98315e-08
0.121154
-8.56028e-06
1.88181e-08
0.121157
-5.0264e-06
-7.7752e-09
0.121157
5.55594e-07
-3.16532e-08
0.121154
5.92013e-06
-4.40545e-08
0.12115
8.91496e-06
-3.96799e-08
0.121146
8.43374e-06
-1.97692e-08
0.121144
4.77767e-06
8.06899e-09
0.121144
-5.98969e-07
3.27482e-08
0.121146
-5.68836e-06
4.44663e-08
-8.72778e-06
3.87319e-08
0.119628
-1.16065e-05
1.79875e-08
0.119631
-7.65657e-06
-6.75747e-09
0.119632
-5.8898e-07
-2.9256e-08
0.119631
6.71443e-06
-4.11971e-08
0.119628
1.13063e-05
-3.74592e-08
0.119625
1.14693e-05
-1.89904e-08
0.119623
7.30119e-06
7.15555e-09
0.119622
4.88986e-07
3.04105e-08
0.119623
-6.41276e-06
4.16334e-08
-1.10151e-05
3.64485e-08
0.117263
-1.34033e-05
1.63878e-08
0.117265
-9.94756e-06
-5.86089e-09
0.117267
-2.45244e-06
-2.6202e-08
0.117268
6.01218e-06
-3.72365e-08
0.117267
1.20167e-05
-3.40985e-08
0.117265
1.32915e-05
-1.74663e-08
0.117263
9.52845e-06
6.30392e-09
0.117261
2.28953e-06
2.74657e-08
0.11726
-5.69042e-06
3.76995e-08
-1.16443e-05
3.30061e-08
0.113996
-1.37126e-05
1.39487e-08
0.113997
-1.136e-05
-5.36395e-09
0.113999
-4.41405e-06
-2.3028e-08
0.114001
4.26558e-06
-3.25981e-08
0.114001
1.11613e-05
-2.97949e-08
0.114001
1.36481e-05
-1.51073e-08
0.114
1.09421e-05
5.83636e-09
0.113998
4.20889e-06
2.45726e-08
0.113996
-3.97792e-06
3.30917e-08
-1.07611e-05
2.8609e-08
0.109654
-1.23752e-05
1.0786e-08
0.109654
-1.13541e-05
-5.36769e-09
0.109655
-5.76958e-06
-1.98323e-08
0.109657
2.06067e-06
-2.76858e-08
0.109659
8.98397e-06
-2.48584e-08
0.109661
1.23587e-05
-1.20009e-08
0.109661
1.10156e-05
5.9326e-09
0.109659
5.57237e-06
2.14195e-08
0.109657
-1.8566e-06
2.81528e-08
-8.63563e-06
2.3569e-08
0.103789
-9.38573e-06
7.15496e-09
0.103787
-9.44498e-06
-5.82718e-09
0.103787
-5.75025e-06
-1.70797e-08
0.103789
1.3897e-07
-2.27966e-08
0.103792
5.91828e-06
-1.96301e-08
0.103795
9.39689e-06
-8.35506e-09
0.103797
9.28017e-06
6.51947e-09
0.103797
5.64452e-06
1.87304e-08
0.103795
-6.48184e-08
2.31713e-08
-5.7328e-06
1.822e-08
0.0952431
-5.08682e-06
3.46283e-09
0.0952389
-5.19992e-06
-6.49755e-09
0.0952365
-3.36257e-06
-1.4665e-08
0.095237
-4.10246e-07
-1.75943e-08
0.0952402
2.75857e-06
-1.43795e-08
0.0952445
5.04717e-06
-4.55262e-09
0.0952484
5.41551e-06
7.3879e-09
0.0952505
3.58868e-06
1.63019e-08
0.0952501
2.74108e-07
1.7647e-08
-3.02425e-06
1.28176e-08
0.0798882
6.68067e-10
0.079883
-6.21655e-09
0.0798796
-1.16313e-08
0.0798792
-1.29115e-08
0.0798819
-9.42674e-09
0.079887
-1.32831e-09
0.0798924
7.39718e-09
0.079896
1.29137e-08
0.0798963
1.26008e-08
7.88123e-09
0.0798881
5.10675e-06
0.0798829
5.18873e-06
0.0798796
3.32685e-06
0.0798792
3.59894e-07
0.079882
-2.80877e-06
0.0798871
-5.07442e-06
0.0798925
-5.4065e-06
0.079896
-3.54497e-06
0.0798963
-2.17204e-07
3.06972e-06
0.0952431
9.41718e-06
0.0952388
9.41679e-06
0.0952365
5.67212e-06
0.0952371
-2.38912e-07
0.0952402
-6.00293e-06
0.0952446
-9.43035e-06
0.0952484
-9.24881e-06
0.0952505
-5.56174e-06
0.0952501
1.64059e-07
5.81262e-06
0.103789
1.23951e-05
0.103787
1.12971e-05
0.103787
5.65469e-06
0.103789
-2.19118e-06
0.103792
-9.07909e-06
0.103795
-1.23787e-05
0.103797
-1.09531e-05
0.103797
-5.45384e-06
0.103795
1.98378e-06
8.72527e-06
0.109654
1.37126e-05
0.109654
1.12771e-05
0.109655
4.2765e-06
0.109657
-4.40678e-06
0.109659
-1.12498e-05
0.109661
-1.36469e-05
0.10966
-1.08526e-05
0.109659
-4.06839e-06
0.109657
4.1145e-06
1.08439e-05
0.113996
1.3385e-05
0.113997
9.85042e-06
0.113999
2.3098e-06
0.114001
-6.1471e-06
0.114001
-1.20897e-05
0.114001
-1.32719e-05
0.114
-9.4248e-06
0.113998
-2.14397e-06
0.113996
5.82061e-06
1.17117e-05
0.117263
1.15807e-05
0.117265
7.56358e-06
0.117267
4.6086e-07
0.117268
-6.83032e-06
0.117267
-1.13633e-05
0.117265
-1.14428e-05
0.117263
-7.20215e-06
0.117261
-3.57566e-07
0.11726
6.52472e-06
1.10664e-05
0.119628
8.54375e-06
0.119631
4.96059e-06
0.119632
-6.48805e-07
0.119631
-6.00732e-06
0.119628
-8.96084e-06
0.119625
-8.41801e-06
0.119623
-4.70632e-06
0.119622
6.96419e-07
0.119623
5.77282e-06
8.76775e-06
0.121154
4.55839e-06
0.121157
2.42108e-06
0.121157
-7.04856e-07
0.121154
-3.55593e-06
0.12115
-4.99063e-06
0.121146
-4.48368e-06
0.121144
-2.29177e-06
0.121144
7.20148e-07
0.121146
3.42917e-06
4.89794e-06
0.121892
1.84727e-08
0.121894
2.11325e-08
0.121894
1.42181e-08
0.12189
-2.6682e-10
0.121885
-1.40851e-08
0.12188
-2.06863e-08
0.121878
-1.86133e-08
0.121879
-1.05454e-08
0.121882
3.209e-11
1.0076e-08
0.121892
-4.52785e-06
0.121894
-2.38266e-06
0.121894
7.3331e-07
0.12189
3.55921e-06
0.121885
4.96862e-06
0.12188
4.44848e-06
0.121878
2.25842e-06
0.121879
-7.41094e-07
0.121882
-3.43275e-06
-4.88408e-06
0.121154
-8.52897e-06
0.121157
-4.93174e-06
0.121157
6.77219e-07
0.121154
6.01999e-06
0.12115
8.95404e-06
0.121146
8.39804e-06
0.121144
4.68251e-06
0.121144
-7.17034e-07
0.121146
-5.78533e-06
-8.76929e-06
0.119628
-1.15838e-05
0.119631
-7.54622e-06
0.119632
-4.33201e-07
0.119631
6.85321e-06
0.119628
1.13735e-05
0.119625
1.14402e-05
0.119623
7.18945e-06
0.119622
3.37793e-07
0.119623
-6.54671e-06
-1.10849e-05
0.117263
-1.34029e-05
0.117265
-9.84388e-06
0.117267
-2.28466e-06
0.117268
6.17679e-06
0.117267
1.21131e-05
0.117265
1.32835e-05
0.117263
9.42208e-06
0.117261
2.12641e-06
0.11726
-5.8485e-06
-1.17426e-05
0.113996
-1.37397e-05
0.113997
-1.12794e-05
0.113999
-4.25593e-06
0.114001
4.4382e-06
0.114001
1.12801e-05
0.114001
1.36676e-05
0.114
1.08576e-05
0.113998
4.05474e-06
0.113996
-4.14326e-06
-1.08804e-05
0.109654
-1.2425e-05
0.109654
-1.13052e-05
0.109655
-5.63983e-06
0.109657
2.21955e-06
0.109659
9.10985e-06
0.109661
1.24026e-05
0.10966
1.09626e-05
0.109659
5.44475e-06
0.109657
-2.00907e-06
-8.76067e-06
0.103789
-9.4427e-06
0.103787
-9.42629e-06
0.103787
-5.66295e-06
0.103789
2.60449e-07
0.103792
6.02833e-06
0.103795
9.45153e-06
0.103797
9.25888e-06
0.103797
5.55638e-06
0.103795
-1.83165e-07
-5.84071e-06
0.0952431
-5.12011e-06
0.0952388
-5.19347e-06
0.0952365
-3.32207e-06
0.0952371
-3.48514e-07
0.0952402
2.82318e-06
0.0952446
5.08697e-06
0.0952485
5.41252e-06
0.0952505
3.54112e-06
0.0952501
2.05351e-07
-3.08516e-06
0.0798881
0.0798829
0.0798795
0.0798792
0.079882
0.0798871
0.0798925
0.0798961
0.0798963
)
;

boundaryField
{
    bottomWall
    {
        type            calculated;
        value           uniform 0;
    }
    topWall
    {
        type            calculated;
        value           uniform 0;
    }
    sides1_half0
    {
        type            cyclic;
        value           nonuniform List<scalar> 
180
(
3.00238e-11
-4.93231e-11
-1.49517e-10
-2.45139e-10
-3.30485e-10
-4.00367e-10
-4.50919e-10
-4.81026e-10
-4.92801e-10
-4.91186e-10
-4.76015e-10
-4.47592e-10
-3.99967e-10
-3.34046e-10
-2.50536e-10
-1.53084e-10
-4.57937e-11
4.5113e-11
1.88556e-10
1.5354e-10
9.94397e-11
5.70387e-11
2.86705e-11
1.34536e-11
9.30417e-12
1.28765e-11
1.8146e-11
2.18286e-11
2.03834e-11
1.73516e-11
2.06438e-11
3.71368e-11
7.14145e-11
1.23674e-10
1.89872e-10
2.44985e-10
2.90163e-10
3.23008e-10
3.36466e-10
3.56783e-10
3.96828e-10
4.33328e-10
4.70249e-10
5.06985e-10
5.28999e-10
5.325e-10
5.16055e-10
4.83972e-10
4.46121e-10
4.13264e-10
3.81523e-10
3.65845e-10
3.59782e-10
3.34714e-10
2.64795e-10
3.53798e-10
4.46044e-10
5.29266e-10
6.14417e-10
6.97693e-10
7.71501e-10
8.26557e-10
8.56419e-10
8.58537e-10
8.33408e-10
7.8367e-10
7.14793e-10
6.34941e-10
5.50577e-10
4.66736e-10
3.7568e-10
2.68201e-10
1.499e-10
2.59862e-10
3.74355e-10
4.8834e-10
5.96965e-10
6.93322e-10
7.70539e-10
8.23244e-10
8.49647e-10
8.50687e-10
8.26909e-10
7.77602e-10
7.03623e-10
6.08887e-10
4.99079e-10
3.80458e-10
2.58362e-10
1.39455e-10
-1.79025e-11
5.3738e-11
1.51673e-10
2.48462e-10
3.3559e-10
4.06911e-10
4.58302e-10
4.88965e-10
5.02065e-10
5.01582e-10
4.88177e-10
4.58343e-10
4.08167e-10
3.37189e-10
2.48609e-10
1.48165e-10
4.43613e-11
-2.74911e-11
-1.70695e-10
-1.61634e-10
-1.26087e-10
-9.22201e-11
-6.61966e-11
-5.14108e-11
-4.71225e-11
-4.99623e-11
-5.48293e-11
-5.62872e-11
-5.35555e-11
-5.1831e-11
-5.64262e-11
-7.10237e-11
-9.63715e-11
-1.29086e-10
-1.62319e-10
-1.67444e-10
-2.61427e-10
-3.23787e-10
-3.57402e-10
-3.93349e-10
-4.38326e-10
-4.6964e-10
-5.16376e-10
-5.55613e-10
-5.79035e-10
-5.81418e-10
-5.61931e-10
-5.26253e-10
-4.82465e-10
-4.37271e-10
-3.91791e-10
-3.51523e-10
-3.13216e-10
-2.46832e-10
-2.29879e-10
-3.31256e-10
-4.36562e-10
-5.3062e-10
-6.25551e-10
-7.15605e-10
-7.94003e-10
-8.51591e-10
-8.82419e-10
-8.83347e-10
-8.5498e-10
-7.99697e-10
-7.23158e-10
-6.33054e-10
-5.35945e-10
-4.36994e-10
-3.26739e-10
-2.22348e-10
-1.31781e-10
-2.31719e-10
-3.42335e-10
-4.55556e-10
-5.65345e-10
-6.63969e-10
-7.43683e-10
-7.98362e-10
-8.25625e-10
-8.26173e-10
-8.00714e-10
-7.48542e-10
-6.7164e-10
-5.75045e-10
-4.66155e-10
-3.53018e-10
-2.42528e-10
-1.44302e-10
)
;
    }
    sides1_half1
    {
        type            cyclic;
        value           nonuniform List<scalar> 
180
(
-3.00238e-11
4.93231e-11
1.49517e-10
2.45139e-10
3.30485e-10
4.00367e-10
4.50919e-10
4.81026e-10
4.92801e-10
4.91186e-10
4.76015e-10
4.47592e-10
3.99967e-10
3.34046e-10
2.50536e-10
1.53084e-10
4.57937e-11
-4.5113e-11
-1.88556e-10
-1.5354e-10
-9.94397e-11
-5.70387e-11
-2.86705e-11
-1.34536e-11
-9.30417e-12
-1.28765e-11
-1.8146e-11
-2.18286e-11
-2.03834e-11
-1.73516e-11
-2.06438e-11
-3.71368e-11
-7.14145e-11
-1.23674e-10
-1.89872e-10
-2.44985e-10
-2.90163e-10
-3.23008e-10
-3.36466e-10
-3.56783e-10
-3.96828e-10
-4.33328e-10
-4.70249e-10
-5.06985e-10
-5.28999e-10
-5.325e-10
-5.16055e-10
-4.83972e-10
-4.46121e-10
-4.13264e-10
-3.81523e-10
-3.65845e-10
-3.59782e-10
-3.34714e-10
-2.64795e-10
-3.53798e-10
-4.46044e-10
-5.29266e-10
-6.14417e-10
-6.97693e-10
-7.71501e-10
-8.26557e-10
-8.56419e-10
-8.58537e-10
-8.33408e-10
-7.8367e-10
-7.14793e-10
-6.34941e-10
-5.50577e-10
-4.66736e-10
-3.7568e-10
-2.68201e-10
-1.499e-10
-2.59862e-10
-3.74355e-10
-4.8834e-10
-5.96965e-10
-6.93322e-10
-7.70539e-10
-8.23244e-10
-8.49647e-10
-8.50687e-10
-8.26909e-10
-7.77602e-10
-7.03623e-10
-6.08887e-10
-4.99079e-10
-3.80458e-10
-2.58362e-10
-1.39455e-10
1.79025e-11
-5.3738e-11
-1.51673e-10
-2.48462e-10
-3.3559e-10
-4.06911e-10
-4.58302e-10
-4.88965e-10
-5.02065e-10
-5.01582e-10
-4.88177e-10
-4.58343e-10
-4.08167e-10
-3.37189e-10
-2.48609e-10
-1.48165e-10
-4.43613e-11
2.74911e-11
1.70695e-10
1.61634e-10
1.26087e-10
9.22201e-11
6.61966e-11
5.14108e-11
4.71225e-11
4.99623e-11
5.48293e-11
5.62872e-11
5.35555e-11
5.1831e-11
5.64262e-11
7.10237e-11
9.63715e-11
1.29086e-10
1.62319e-10
1.67444e-10
2.61427e-10
3.23787e-10
3.57402e-10
3.93349e-10
4.38326e-10
4.6964e-10
5.16376e-10
5.55613e-10
5.79035e-10
5.81418e-10
5.61931e-10
5.26253e-10
4.82465e-10
4.37271e-10
3.91791e-10
3.51523e-10
3.13216e-10
2.46832e-10
2.29879e-10
3.31256e-10
4.36562e-10
5.3062e-10
6.25551e-10
7.15605e-10
7.94003e-10
8.51591e-10
8.82419e-10
8.83347e-10
8.5498e-10
7.99697e-10
7.23158e-10
6.33054e-10
5.35945e-10
4.36994e-10
3.26739e-10
2.22348e-10
1.31781e-10
2.31719e-10
3.42335e-10
4.55556e-10
5.65345e-10
6.63969e-10
7.43683e-10
7.98362e-10
8.25625e-10
8.26173e-10
8.00714e-10
7.48542e-10
6.7164e-10
5.75045e-10
4.66155e-10
3.53018e-10
2.42528e-10
1.44302e-10
)
;
    }
    inout1_half0
    {
        type            cyclic;
        value           nonuniform List<scalar> 
180
(
0.0798932
0.0952474
0.103792
0.109655
0.113995
0.117261
0.119625
0.12115
0.121887
0.121887
0.12115
0.119625
0.117261
0.113995
0.109655
0.103792
0.0952474
0.0798932
0.0798933
0.0952474
0.103792
0.109655
0.113995
0.117261
0.119625
0.12115
0.121887
0.121887
0.12115
0.119625
0.117261
0.113995
0.109655
0.103792
0.0952474
0.0798933
0.0798933
0.0952475
0.103792
0.109655
0.113995
0.117261
0.119625
0.12115
0.121887
0.121887
0.12115
0.119625
0.117261
0.113995
0.109655
0.103792
0.0952475
0.0798933
0.0798933
0.0952475
0.103792
0.109655
0.113995
0.117261
0.119625
0.12115
0.121887
0.121887
0.12115
0.119625
0.117261
0.113995
0.109655
0.103792
0.0952475
0.0798933
0.0798933
0.0952475
0.103792
0.109655
0.113995
0.117261
0.119625
0.12115
0.121887
0.121887
0.12115
0.119625
0.117261
0.113995
0.109655
0.103792
0.0952475
0.0798933
0.0798933
0.0952475
0.103792
0.109655
0.113995
0.117261
0.119625
0.12115
0.121887
0.121887
0.12115
0.119625
0.117261
0.113995
0.109655
0.103792
0.0952475
0.0798933
0.0798933
0.0952475
0.103792
0.109655
0.113995
0.117261
0.119625
0.12115
0.121887
0.121887
0.12115
0.119625
0.117261
0.113995
0.109655
0.103792
0.0952475
0.0798933
0.0798933
0.0952475
0.103792
0.109655
0.113995
0.117261
0.119625
0.12115
0.121887
0.121887
0.12115
0.119625
0.117261
0.113995
0.109655
0.103792
0.0952475
0.0798933
0.0798933
0.0952474
0.103792
0.109655
0.113995
0.117261
0.119625
0.12115
0.121887
0.121887
0.12115
0.119625
0.117261
0.113995
0.109655
0.103792
0.0952474
0.0798933
0.0798932
0.0952474
0.103792
0.109655
0.113995
0.117261
0.119625
0.12115
0.121887
0.121887
0.12115
0.119625
0.117261
0.113995
0.109655
0.103792
0.0952474
0.0798932
)
;
    }
    inout1_half1
    {
        type            cyclic;
        value           nonuniform List<scalar> 
180
(
-0.0798932
-0.0952474
-0.103792
-0.109655
-0.113995
-0.117261
-0.119625
-0.12115
-0.121887
-0.121887
-0.12115
-0.119625
-0.117261
-0.113995
-0.109655
-0.103792
-0.0952474
-0.0798932
-0.0798933
-0.0952474
-0.103792
-0.109655
-0.113995
-0.117261
-0.119625
-0.12115
-0.121887
-0.121887
-0.12115
-0.119625
-0.117261
-0.113995
-0.109655
-0.103792
-0.0952474
-0.0798933
-0.0798933
-0.0952475
-0.103792
-0.109655
-0.113995
-0.117261
-0.119625
-0.12115
-0.121887
-0.121887
-0.12115
-0.119625
-0.117261
-0.113995
-0.109655
-0.103792
-0.0952475
-0.0798933
-0.0798933
-0.0952475
-0.103792
-0.109655
-0.113995
-0.117261
-0.119625
-0.12115
-0.121887
-0.121887
-0.12115
-0.119625
-0.117261
-0.113995
-0.109655
-0.103792
-0.0952475
-0.0798933
-0.0798933
-0.0952475
-0.103792
-0.109655
-0.113995
-0.117261
-0.119625
-0.12115
-0.121887
-0.121887
-0.12115
-0.119625
-0.117261
-0.113995
-0.109655
-0.103792
-0.0952475
-0.0798933
-0.0798933
-0.0952475
-0.103792
-0.109655
-0.113995
-0.117261
-0.119625
-0.12115
-0.121887
-0.121887
-0.12115
-0.119625
-0.117261
-0.113995
-0.109655
-0.103792
-0.0952475
-0.0798933
-0.0798933
-0.0952475
-0.103792
-0.109655
-0.113995
-0.117261
-0.119625
-0.12115
-0.121887
-0.121887
-0.12115
-0.119625
-0.117261
-0.113995
-0.109655
-0.103792
-0.0952475
-0.0798933
-0.0798933
-0.0952475
-0.103792
-0.109655
-0.113995
-0.117261
-0.119625
-0.12115
-0.121887
-0.121887
-0.12115
-0.119625
-0.117261
-0.113995
-0.109655
-0.103792
-0.0952475
-0.0798933
-0.0798933
-0.0952474
-0.103792
-0.109655
-0.113995
-0.117261
-0.119625
-0.12115
-0.121887
-0.121887
-0.12115
-0.119625
-0.117261
-0.113995
-0.109655
-0.103792
-0.0952474
-0.0798933
-0.0798932
-0.0952474
-0.103792
-0.109655
-0.113995
-0.117261
-0.119625
-0.12115
-0.121887
-0.121887
-0.12115
-0.119625
-0.117261
-0.113995
-0.109655
-0.103792
-0.0952474
-0.0798932
)
;
    }
}


// ************************************************************************* //
