/*--------------------------------*- C++ -*----------------------------------*\
| =========                 |                                                 |
| \\      /  F ield         | OpenFOAM: The Open Source CFD Toolbox           |
|  \\    /   O peration     | Version:  2.3.0                                 |
|   \\  /    A nd           | Web:      www.OpenFOAM.org                      |
|    \\/     M anipulation  |                                                 |
\*---------------------------------------------------------------------------*/
FoamFile
{
    version     2.0;
    format      ascii;
    class       volVectorField;
    location    "400";
    object      U;
}
// * * * * * * * * * * * * * * * * * * * * * * * * * * * * * * * * * * * * * //

dimensions      [0 1 -1 0 0 0 0];

internalField   nonuniform List<vector> 
1800
(
(0.763289 1.313e-06 4.45085e-10)
(0.763235 1.44664e-06 1.44184e-08)
(0.76319 1.04251e-06 2.4327e-08)
(0.763171 3.21259e-07 2.58083e-08)
(0.763184 -5.81984e-07 1.78708e-08)
(0.763225 -1.31393e-06 1.04967e-09)
(0.76328 -1.527e-06 -1.72593e-08)
(0.763328 -1.09605e-06 -2.74495e-08)
(0.763348 -2.27434e-07 -2.52576e-08)
(0.763332 6.84523e-07 -1.42844e-08)
(0.909988 3.24992e-06 -5.13622e-09)
(0.909943 3.17991e-06 1.60968e-08)
(0.909908 1.92549e-06 3.21814e-08)
(0.909898 -3.18253e-09 3.69374e-08)
(0.909919 -2.03919e-06 2.89079e-08)
(0.909959 -3.25079e-06 7.71127e-09)
(0.910002 -3.21842e-06 -1.81294e-08)
(0.910032 -1.95838e-06 -3.59541e-08)
(0.91004 2.99228e-08 -3.72863e-08)
(0.910025 2.08434e-06 -2.53522e-08)
(0.991628 4.72411e-06 -1.30758e-08)
(0.991602 4.54108e-06 1.56195e-08)
(0.991592 2.56126e-06 3.89549e-08)
(0.991603 -4.12429e-07 4.93977e-08)
(0.99163 -3.24795e-06 4.10817e-08)
(0.991661 -4.72547e-06 1.59059e-08)
(0.991686 -4.40606e-06 -1.70995e-08)
(0.991694 -2.47598e-06 -4.26524e-08)
(0.991684 3.14992e-07 -5.04098e-08)
(0.991659 3.10374e-06 -3.7918e-08)
(1.04765 5.64892e-06 -2.10133e-08)
(1.04764 4.89016e-06 1.55412e-08)
(1.04765 2.15608e-06 4.65458e-08)
(1.04767 -1.43415e-06 6.16568e-08)
(1.04769 -4.4017e-06 5.34257e-08)
(1.04771 -5.62981e-06 2.38508e-08)
(1.04772 -4.71927e-06 -1.66789e-08)
(1.04771 -2.06504e-06 -5.00172e-08)
(1.04769 1.32134e-06 -6.28008e-08)
(1.04767 4.23448e-06 -5.0565e-08)
(1.08912 5.85484e-06 -2.79534e-08)
(1.08913 4.54352e-06 1.64851e-08)
(1.08915 1.38973e-06 5.4915e-08)
(1.08917 -2.32065e-06 7.40442e-08)
(1.08918 -5.0665e-06 6.51871e-08)
(1.08919 -5.81634e-06 3.06422e-08)
(1.08918 -4.3581e-06 -1.74174e-08)
(1.08916 -1.30888e-06 -5.83268e-08)
(1.08914 2.18658e-06 -7.52074e-08)
(1.08913 4.89574e-06 -6.25706e-08)
(1.12033 5.39213e-06 -3.32694e-08)
(1.12036 3.71516e-06 1.85905e-08)
(1.12038 5.23774e-07 6.35333e-08)
(1.12039 -2.8783e-06 8.5738e-08)
(1.12039 -5.11147e-06 7.54948e-08)
(1.12038 -5.33744e-06 3.57484e-08)
(1.12036 -3.54451e-06 -1.94259e-08)
(1.12033 -4.68222e-07 -6.64698e-08)
(1.12032 2.74112e-06 -8.67479e-08)
(1.12032 4.96532e-06 -7.30894e-08)
(1.14293 4.34535e-06 -3.66748e-08)
(1.14296 2.64736e-06 2.15125e-08)
(1.14298 -1.33425e-07 7.16395e-08)
(1.14298 -2.86109e-06 9.57008e-08)
(1.14296 -4.44231e-06 8.35748e-08)
(1.14293 -4.28707e-06 3.89612e-08)
(1.1429 -2.51449e-06 -2.22045e-08)
(1.14288 1.6369e-07 -7.42107e-08)
(1.14288 2.74366e-06 -9.65947e-08)
(1.1429 4.33711e-06 -8.13492e-08)
(1.15751 2.82169e-06 -3.83694e-08)
(1.15754 1.54495e-06 2.44224e-08)
(1.15756 -3.65735e-07 7.79153e-08)
(1.15754 -2.12818e-06 1.02888e-07)
(1.15751 -3.04494e-06 8.89348e-08)
(1.15747 -2.77702e-06 4.052e-08)
(1.15743 -1.46173e-06 -2.49224e-08)
(1.15742 3.77342e-07 -8.02369e-08)
(1.15743 2.04966e-06 -1.037e-07)
(1.15747 2.98422e-06 -8.68461e-08)
(1.16455 9.8185e-07 -3.8947e-08)
(1.16459 5.07459e-07 2.61596e-08)
(1.1646 -1.76192e-07 8.13052e-08)
(1.16458 -7.88149e-07 1.06601e-07)
(1.16453 -1.08811e-06 9.15289e-08)
(1.16448 -9.65562e-07 4.10498e-08)
(1.16445 -4.78342e-07 -2.67125e-08)
(1.16444 1.79618e-07 -8.35694e-08)
(1.16446 7.6061e-07 -1.07378e-07)
(1.1645 1.06763e-06 -8.9507e-08)
(1.16455 -9.66588e-07 -3.89538e-08)
(1.16459 -4.89713e-07 2.6163e-08)
(1.1646 1.87879e-07 8.13132e-08)
(1.16458 7.87874e-07 1.06604e-07)
(1.16453 1.0765e-06 9.1534e-08)
(1.16448 9.4863e-07 4.10536e-08)
(1.16445 4.63142e-07 -2.671e-08)
(1.16444 -1.88084e-07 -8.35626e-08)
(1.16446 -7.60498e-07 -1.07381e-07)
(1.1645 -1.05953e-06 -8.95122e-08)
(1.15751 -2.81137e-06 -3.83876e-08)
(1.15754 -1.52983e-06 2.43809e-08)
(1.15756 3.7759e-07 7.79117e-08)
(1.15754 2.13094e-06 1.02892e-07)
(1.15751 3.03805e-06 8.89499e-08)
(1.15747 2.76476e-06 4.05329e-08)
(1.15743 1.4495e-06 -2.49387e-08)
(1.15742 -3.85778e-07 -8.02249e-08)
(1.15743 -2.05245e-06 -1.03706e-07)
(1.15747 -2.98094e-06 -8.68579e-08)
(1.14293 -4.34262e-06 -3.67016e-08)
(1.14296 -2.63701e-06 2.14192e-08)
(1.14298 1.44991e-07 7.16198e-08)
(1.14298 2.86837e-06 9.56972e-08)
(1.14296 4.44271e-06 8.35948e-08)
(1.14293 4.28204e-06 3.89849e-08)
(1.1429 2.50683e-06 -2.22216e-08)
(1.14288 -1.71994e-07 -7.41767e-08)
(1.14288 -2.75076e-06 -9.65948e-08)
(1.1429 -4.34112e-06 -8.13632e-08)
(1.12033 -5.39673e-06 -3.33079e-08)
(1.12036 -3.70999e-06 1.84832e-08)
(1.12038 -5.13057e-07 6.3557e-08)
(1.12039 2.88946e-06 8.57224e-08)
(1.12039 5.11872e-06 7.55139e-08)
(1.12038 5.33946e-06 3.57829e-08)
(1.12036 3.54134e-06 -1.94267e-08)
(1.12033 4.61582e-07 -6.64344e-08)
(1.12032 -2.7517e-06 -8.67288e-08)
(1.12032 -4.97598e-06 -7.31014e-08)
(1.08912 -5.86464e-06 -2.80063e-08)
(1.08913 -4.54251e-06 1.63593e-08)
(1.08915 -1.37943e-06 5.49667e-08)
(1.08917 2.33396e-06 7.40325e-08)
(1.08919 5.07821e-06 6.52047e-08)
(1.08919 5.82344e-06 3.06859e-08)
(1.08918 4.35868e-06 -1.73944e-08)
(1.08916 1.30329e-06 -5.84251e-08)
(1.08914 -2.19882e-06 -7.51884e-08)
(1.08913 -4.91045e-06 -6.2577e-08)
(1.04765 -5.6613e-06 -2.10807e-08)
(1.04764 -4.89222e-06 1.53745e-08)
(1.04765 -2.14755e-06 4.63782e-08)
(1.04767 1.44732e-06 6.15922e-08)
(1.04769 4.41499e-06 5.34469e-08)
(1.04771 5.63954e-06 2.39067e-08)
(1.04772 4.72246e-06 -1.66405e-08)
(1.04771 2.05995e-06 -5.00794e-08)
(1.04769 -1.33322e-06 -6.27592e-08)
(1.04767 -4.25014e-06 -5.05689e-08)
(0.991628 -4.73624e-06 -1.31612e-08)
(0.991602 -4.54506e-06 1.54108e-08)
(0.991592 -2.55619e-06 3.87309e-08)
(0.991603 4.24438e-07 4.93412e-08)
(0.99163 3.26038e-06 4.11084e-08)
(0.991662 4.73536e-06 1.59679e-08)
(0.991686 4.41042e-06 -1.70442e-08)
(0.991694 2.47308e-06 -4.26576e-08)
(0.991684 -3.25835e-07 -5.03521e-08)
(0.991659 -3.11773e-06 -3.79223e-08)
(0.909988 -3.25803e-06 -5.24113e-09)
(0.909943 -3.18254e-06 1.58635e-08)
(0.909907 -1.9222e-06 3.19487e-08)
(0.909898 1.18244e-08 3.69169e-08)
(0.909919 2.048e-06 2.89413e-08)
(0.909959 3.25792e-06 7.77849e-09)
(0.910002 3.22161e-06 -1.80654e-08)
(0.910032 1.9561e-06 -3.59313e-08)
(0.91004 -3.80778e-08 -3.72678e-08)
(0.910025 -2.094e-06 -2.53616e-08)
(0.763289 -1.31697e-06 3.2791e-10)
(0.763234 -1.44834e-06 1.41766e-08)
(0.76319 -1.04141e-06 2.4117e-08)
(0.763171 -3.18115e-07 2.58125e-08)
(0.763184 5.86186e-07 1.79108e-08)
(0.763225 1.3179e-06 1.11223e-09)
(0.76328 1.52917e-06 -1.71954e-08)
(0.763328 1.09524e-06 -2.74193e-08)
(0.763348 2.24383e-07 -2.52524e-08)
(0.763332 -6.88866e-07 -1.43054e-08)
(0.76329 1.3016e-06 -5.12459e-09)
(0.763236 1.44555e-06 2.97942e-08)
(0.763191 1.05169e-06 5.67701e-08)
(0.763172 3.36395e-07 6.39082e-08)
(0.763183 -5.62911e-07 4.69659e-08)
(0.763224 -1.30013e-06 8.11333e-09)
(0.763279 -1.52512e-06 -3.52608e-08)
(0.763327 -1.10812e-06 -6.27475e-08)
(0.763347 -2.42444e-07 -6.20598e-08)
(0.763332 6.67269e-07 -3.98604e-08)
(0.909989 3.23156e-06 -1.82747e-08)
(0.909943 3.18636e-06 3.09518e-08)
(0.909908 1.95305e-06 7.09561e-08)
(0.909898 4.43401e-08 8.57801e-08)
(0.909919 -2.00027e-06 7.01493e-08)
(0.909958 -3.23069e-06 2.32426e-08)
(0.910001 -3.22465e-06 -3.51488e-08)
(0.910032 -1.9884e-06 -7.83909e-08)
(0.91004 -1.87071e-08 -8.63184e-08)
(0.910025 2.047e-06 -6.30258e-08)
(0.991629 4.69947e-06 -3.49669e-08)
(0.991603 4.5537e-06 2.77933e-08)
(0.991592 2.60598e-06 8.17868e-08)
(0.991603 -3.43621e-07 1.08539e-07)
(0.991629 -3.1956e-06 9.37589e-08)
(0.991661 -4.70315e-06 4.04882e-08)
(0.991685 -4.42073e-06 -3.10336e-08)
(0.991694 -2.51974e-06 -8.9349e-08)
(0.991684 2.47255e-07 -1.10474e-07)
(0.99166 3.05172e-06 -8.73156e-08)
(1.04765 5.63142e-06 -5.13146e-08)
(1.04764 4.91716e-06 2.52768e-08)
(1.04765 2.21791e-06 9.36322e-08)
(1.04767 -1.36208e-06 1.30062e-07)
(1.04769 -4.34844e-06 1.16967e-07)
(1.04771 -5.61534e-06 5.69262e-08)
(1.04772 -4.74834e-06 -2.78668e-08)
(1.04771 -2.12722e-06 -1.00854e-07)
(1.04769 1.25197e-06 -1.32428e-07)
(1.04767 4.18135e-06 -1.11104e-07)
(1.08912 5.84877e-06 -6.56257e-08)
(1.08913 4.58302e-06 2.46583e-08)
(1.08915 1.46013e-06 1.0653e-07)
(1.08917 -2.2477e-06 1.51447e-07)
(1.08918 -5.01978e-06 1.38778e-07)
(1.08919 -5.81359e-06 7.10365e-08)
(1.08918 -4.39958e-06 -2.68645e-08)
(1.08916 -1.37746e-06 -1.13531e-07)
(1.08914 2.11644e-06 -1.53962e-07)
(1.08913 4.84857e-06 -1.33405e-07)
(1.12033 5.39749e-06 -7.67992e-08)
(1.12036 3.76202e-06 2.63184e-08)
(1.12038 5.94311e-07 1.20236e-07)
(1.12039 -2.81268e-06 1.7163e-07)
(1.12039 -5.07622e-06 1.57808e-07)
(1.12038 -5.34579e-06 8.18624e-08)
(1.12036 -3.59239e-06 -2.82562e-08)
(1.12034 -5.34418e-07 -1.26514e-07)
(1.12032 2.67813e-06 -1.74004e-07)
(1.12032 4.92915e-06 -1.52858e-07)
(1.14293 4.35782e-06 -8.42851e-08)
(1.14296 2.69324e-06 2.97742e-08)
(1.14298 -7.23303e-08 1.33222e-07)
(1.14298 -2.8094e-06 1.88834e-07)
(1.14296 -4.41968e-06 1.7275e-07)
(1.14293 -4.30182e-06 8.90146e-08)
(1.1429 -2.55949e-06 -3.14775e-08)
(1.14288 1.05485e-07 -1.38979e-07)
(1.14288 2.6935e-06 -1.91072e-07)
(1.1429 4.3134e-06 -1.68158e-07)
(1.15751 2.8339e-06 -8.83381e-08)
(1.15754 1.57827e-06 3.3675e-08)
(1.15756 -3.24692e-07 1.43412e-07)
(1.15754 -2.09527e-06 2.01297e-07)
(1.15751 -3.03312e-06 1.82724e-07)
(1.15747 -2.7905e-06 9.28284e-08)
(1.15743 -1.49513e-06 -3.52065e-08)
(1.15742 3.37427e-07 -1.4882e-07)
(1.15743 2.01754e-06 -2.03429e-07)
(1.15746 2.9716e-06 -1.78396e-07)
(1.16455 9.86789e-07 -8.99211e-08)
(1.16459 5.19396e-07 3.61699e-08)
(1.1646 -1.61669e-07 1.48997e-07)
(1.16458 -7.76791e-07 2.07773e-07)
(1.16453 -1.08449e-06 1.87589e-07)
(1.16448 -9.70932e-07 9.42925e-08)
(1.16445 -4.91203e-07 -3.77393e-08)
(1.16444 1.65154e-07 -1.54272e-07)
(1.16446 7.49462e-07 -2.09852e-07)
(1.1645 1.06377e-06 -1.83391e-07)
(1.16455 -9.71703e-07 -8.99385e-08)
(1.16459 -5.01934e-07 3.61738e-08)
(1.1646 1.73647e-07 1.49017e-07)
(1.16458 7.7684e-07 2.07797e-07)
(1.16453 1.07313e-06 1.87609e-07)
(1.16448 9.53976e-07 9.42989e-08)
(1.16445 4.75509e-07 -3.77434e-08)
(1.16444 -1.73912e-07 -1.54287e-07)
(1.16446 -7.49707e-07 -2.09868e-07)
(1.1645 -1.0558e-06 -1.83406e-07)
(1.15751 -2.82372e-06 -8.83834e-08)
(1.15754 -1.56383e-06 3.3663e-08)
(1.15756 3.36589e-07 1.43457e-07)
(1.15754 2.09829e-06 2.01366e-07)
(1.15751 3.02651e-06 1.82785e-07)
(1.15747 2.77831e-06 9.28456e-08)
(1.15743 1.4824e-06 -3.52182e-08)
(1.15742 -3.46091e-07 -1.48851e-07)
(1.15743 -2.02064e-06 -2.03472e-07)
(1.15746 -2.96846e-06 -1.78439e-07)
(1.14293 -4.35527e-06 -8.437e-08)
(1.14296 -2.68326e-06 2.9697e-08)
(1.14298 8.43211e-08 1.3326e-07)
(1.14298 2.81685e-06 1.88932e-07)
(1.14296 4.42033e-06 1.72847e-07)
(1.14293 4.29697e-06 8.90556e-08)
(1.1429 2.55171e-06 -3.15066e-08)
(1.14288 -1.1404e-07 -1.39013e-07)
(1.14288 -2.70077e-06 -1.91124e-07)
(1.1429 -4.31756e-06 -1.68224e-07)
(1.12033 -5.4023e-06 -7.69217e-08)
(1.12036 -3.75704e-06 2.62036e-08)
(1.12038 -5.82904e-07 1.20306e-07)
(1.12039 2.82408e-06 1.71741e-07)
(1.12039 5.0837e-06 1.57929e-07)
(1.12038 5.34804e-06 8.19286e-08)
(1.12036 3.58938e-06 -2.8264e-08)
(1.12033 5.26494e-07 -1.26523e-07)
(1.12032 -2.68891e-06 -1.74036e-07)
(1.12032 -4.93995e-06 -1.52942e-07)
(1.08912 -5.85885e-06 -6.57899e-08)
(1.08913 -4.58244e-06 2.45094e-08)
(1.08915 -1.45127e-06 1.06637e-07)
(1.08917 2.26082e-06 1.51568e-07)
(1.08918 5.0317e-06 1.38907e-07)
(1.08919 5.82094e-06 7.11202e-08)
(1.08918 4.4004e-06 -2.68313e-08)
(1.08916 1.37097e-06 -1.1364e-07)
(1.08914 -2.12877e-06 -1.53977e-07)
(1.08913 -4.86336e-06 -1.33495e-07)
(1.04765 -5.64407e-06 -5.15109e-08)
(1.04764 -4.91984e-06 2.50951e-08)
(1.04765 -2.21171e-06 9.36173e-08)
(1.04767 1.37489e-06 1.30137e-07)
(1.04769 4.36191e-06 1.17085e-07)
(1.04771 5.6253e-06 5.70181e-08)
(1.04772 4.75176e-06 -2.78012e-08)
(1.04771 2.12275e-06 -1.00855e-07)
(1.04769 -1.26371e-06 -1.32374e-07)
(1.04767 -4.19705e-06 -1.11195e-07)
(0.991629 -4.71181e-06 -3.51761e-08)
(0.991603 -4.55807e-06 2.76051e-08)
(0.991592 -2.60148e-06 8.18345e-08)
(0.991603 3.55894e-07 1.08627e-07)
(0.991629 3.20812e-06 9.38441e-08)
(0.991661 4.7132e-06 4.05672e-08)
(0.991686 4.42532e-06 -3.09263e-08)
(0.991694 2.51746e-06 -8.92791e-08)
(0.991684 -2.58338e-07 -1.1037e-07)
(0.99166 -3.06571e-06 -8.74052e-08)
(0.909989 -3.2398e-06 -1.84645e-08)
(0.909943 -3.18915e-06 3.08231e-08)
(0.909908 -1.94989e-06 7.10331e-08)
(0.909898 -3.57665e-08 8.59599e-08)
(0.909919 2.00909e-06 7.01888e-08)
(0.909958 3.23795e-06 2.32969e-08)
(0.910001 3.22798e-06 -3.50096e-08)
(0.910032 1.98641e-06 -7.82544e-08)
(0.91004 1.02288e-08 -8.62651e-08)
(0.910025 -2.05666e-06 -6.31248e-08)
(0.76329 -1.30561e-06 -5.24133e-09)
(0.763235 -1.44738e-06 2.97941e-08)
(0.763191 -1.05077e-06 5.69087e-08)
(0.763172 -3.33628e-07 6.38994e-08)
(0.763183 5.67074e-07 4.69416e-08)
(0.763224 1.30414e-06 8.13919e-09)
(0.763279 1.52736e-06 -3.50964e-08)
(0.763327 1.10738e-06 -6.25606e-08)
(0.763347 2.39399e-07 -6.20272e-08)
(0.763332 -6.71596e-07 -3.9989e-08)
(0.76329 1.2935e-06 -9.93514e-09)
(0.763236 1.44389e-06 3.21459e-08)
(0.763192 1.05647e-06 6.51039e-08)
(0.763172 3.43343e-07 7.51796e-08)
(0.763183 -5.50258e-07 5.65646e-08)
(0.763224 -1.29027e-06 1.27016e-08)
(0.763279 -1.52313e-06 -3.69094e-08)
(0.763326 -1.11444e-06 -7.03943e-08)
(0.763347 -2.53981e-07 -7.29302e-08)
(0.763332 6.55567e-07 -5.00622e-08)
(0.909989 3.21705e-06 -2.31537e-08)
(0.909944 3.18847e-06 3.20512e-08)
(0.909909 1.97018e-06 7.74194e-08)
(0.909898 7.60813e-08 9.53065e-08)
(0.909918 -1.97297e-06 7.85931e-08)
(0.909958 -3.21507e-06 2.76275e-08)
(0.910001 -3.22649e-06 -3.57863e-08)
(0.910031 -2.0069e-06 -8.4013e-08)
(0.91004 -5.53075e-08 -9.55696e-08)
(0.910025 2.02057e-06 -7.20577e-08)
(0.991629 4.67957e-06 -3.81966e-08)
(0.991603 4.55927e-06 2.78414e-08)
(0.991592 2.63512e-06 8.50319e-08)
(0.991602 -2.94347e-07 1.13641e-07)
(0.991629 -3.15793e-06 9.8606e-08)
(0.991661 -4.68485e-06 4.32641e-08)
(0.991685 -4.42749e-06 -3.07185e-08)
(0.991694 -2.54748e-06 -9.1808e-08)
(0.991684 1.99117e-07 -1.1521e-07)
(0.99166 3.0144e-06 -9.26228e-08)
(1.04765 5.6153e-06 -5.25162e-08)
(1.04764 4.9321e-06 2.38287e-08)
(1.04765 2.25724e-06 9.25055e-08)
(1.04767 -1.3119e-06 1.29598e-07)
(1.04769 -4.30883e-06 1.17221e-07)
(1.04771 -5.60127e-06 5.777e-08)
(1.04772 -4.76483e-06 -2.6052e-08)
(1.04771 -2.16448e-06 -9.91702e-08)
(1.04769 1.20428e-06 -1.31729e-07)
(1.04767 4.14192e-06 -1.11754e-07)
(1.08912 5.83986e-06 -6.5001e-08)
(1.08913 4.6065e-06 2.11792e-08)
(1.08915 1.50644e-06 1.0021e-07)
(1.08917 -2.19594e-06 1.44784e-07)
(1.08918 -4.98357e-06 1.34205e-07)
(1.08919 -5.80703e-06 7.019e-08)
(1.08918 -4.42403e-06 -2.30112e-08)
(1.08916 -1.42158e-06 -1.06523e-07)
(1.08914 2.06699e-06 -1.47117e-07)
(1.08913 4.81217e-06 -1.29179e-07)
(1.12033 5.39636e-06 -7.49021e-08)
(1.12035 3.79081e-06 2.03168e-08)
(1.12038 6.42853e-07 1.08807e-07)
(1.12039 -2.76478e-06 1.58932e-07)
(1.12039 -5.04745e-06 1.48802e-07)
(1.12038 -5.34688e-06 7.98805e-08)
(1.12036 -3.62158e-06 -2.1815e-08)
(1.12034 -5.80963e-07 -1.14521e-07)
(1.12032 2.63219e-06 -1.61258e-07)
(1.12032 4.89988e-06 -1.44155e-07)
(1.14293 4.36216e-06 -8.18135e-08)
(1.14296 2.72156e-06 2.10108e-08)
(1.14298 -3.0585e-08 1.16738e-07)
(1.14298 -2.77116e-06 1.7085e-07)
(1.14296 -4.39992e-06 1.60217e-07)
(1.14293 -4.30774e-06 8.65682e-08)
(1.1429 -2.58886e-06 -2.23334e-08)
(1.14289 6.48052e-08 -1.2214e-07)
(1.14288 2.6566e-06 -1.73139e-07)
(1.1429 4.29301e-06 -1.55874e-07)
(1.15751 2.83933e-06 -8.58293e-08)
(1.15754 1.59927e-06 2.24247e-08)
(1.15756 -2.96231e-07 1.23006e-07)
(1.15754 -2.07059e-06 1.79471e-07)
(1.15751 -3.022e-06 1.67859e-07)
(1.15747 -2.79695e-06 9.04222e-08)
(1.15743 -1.51701e-06 -2.37695e-08)
(1.15742 3.09707e-07 -1.28234e-07)
(1.15743 1.99364e-06 -1.81713e-07)
(1.15746 2.95998e-06 -1.63733e-07)
(1.16455 9.89156e-07 -8.75558e-08)
(1.16459 5.27257e-07 2.35777e-08)
(1.1646 -1.51483e-07 1.26516e-07)
(1.16458 -7.68199e-07 1.83956e-07)
(1.16453 -1.0809e-06 1.71603e-07)
(1.16448 -9.73698e-07 9.20419e-08)
(1.16445 -4.99138e-07 -2.48356e-08)
(1.16444 1.55284e-07 -1.3159e-07)
(1.16446 7.4115e-07 -1.86165e-07)
(1.1645 1.06001e-06 -1.67591e-07)
(1.16455 -9.74094e-07 -8.7563e-08)
(1.16459 -5.09386e-07 2.35791e-08)
(1.1646 1.63686e-07 1.26513e-07)
(1.16458 7.68504e-07 1.83968e-07)
(1.16453 1.06972e-06 1.71616e-07)
(1.16448 9.56722e-07 9.20509e-08)
(1.16445 4.83587e-07 -2.48335e-08)
(1.16444 -1.6429e-07 -1.31602e-07)
(1.16446 -7.41575e-07 -1.86171e-07)
(1.1645 -1.05217e-06 -1.67601e-07)
(1.15751 -2.82922e-06 -8.58589e-08)
(1.15754 -1.58456e-06 2.24546e-08)
(1.15756 3.0829e-07 1.23016e-07)
(1.15754 2.07384e-06 1.79508e-07)
(1.15751 3.01555e-06 1.67895e-07)
(1.15747 2.78475e-06 9.0442e-08)
(1.15743 1.5043e-06 -2.37207e-08)
(1.15742 -3.18578e-07 -1.28239e-07)
(1.15743 -1.99688e-06 -1.81731e-07)
(1.15746 -2.95695e-06 -1.63763e-07)
(1.14293 -4.35968e-06 -8.18648e-08)
(1.14296 -2.71177e-06 2.09899e-08)
(1.14298 4.24515e-08 1.1671e-07)
(1.14298 2.77876e-06 1.70897e-07)
(1.14296 4.40072e-06 1.60271e-07)
(1.14293 4.30294e-06 8.66029e-08)
(1.1429 2.5809e-06 -2.22696e-08)
(1.14288 -7.33729e-08 -1.22143e-07)
(1.14288 -2.66394e-06 -1.73156e-07)
(1.1429 -4.29724e-06 -1.55916e-07)
(1.12033 -5.40127e-06 -7.49791e-08)
(1.12035 -3.78597e-06 2.02575e-08)
(1.12038 -6.31499e-07 1.08736e-07)
(1.12039 2.7762e-06 1.58968e-07)
(1.12039 5.05504e-06 1.48864e-07)
(1.12038 5.34921e-06 7.99312e-08)
(1.12036 3.61858e-06 -2.17338e-08)
(1.12034 5.7312e-07 -1.14478e-07)
(1.12032 -2.64298e-06 -1.61257e-07)
(1.12032 -4.91072e-06 -1.44201e-07)
(1.08912 -5.85005e-06 -6.51e-08)
(1.08913 -4.60598e-06 2.11017e-08)
(1.08915 -1.49691e-06 1.00249e-07)
(1.08917 2.20908e-06 1.44812e-07)
(1.08918 4.99553e-06 1.34261e-07)
(1.08919 5.81449e-06 7.02547e-08)
(1.08918 4.42493e-06 -2.29009e-08)
(1.08916 1.41536e-06 -1.06465e-07)
(1.08914 -2.07918e-06 -1.47089e-07)
(1.08913 -4.82698e-06 -1.29222e-07)
(1.04765 -5.62805e-06 -5.26303e-08)
(1.04764 -4.93484e-06 2.3744e-08)
(1.04765 -2.2497e-06 9.26251e-08)
(1.04767 1.32491e-06 1.29611e-07)
(1.04769 4.32228e-06 1.1726e-07)
(1.04771 5.61133e-06 5.78415e-08)
(1.04772 4.76837e-06 -2.59125e-08)
(1.04771 2.16018e-06 -9.90512e-08)
(1.04769 -1.21589e-06 -1.3165e-07)
(1.04767 -4.15759e-06 -1.11789e-07)
(0.991629 -4.69198e-06 -3.83147e-08)
(0.991603 -4.56378e-06 2.77598e-08)
(0.991592 -2.63005e-06 8.51681e-08)
(0.991602 3.074e-07 1.13621e-07)
(0.991629 3.17045e-06 9.86167e-08)
(0.991661 4.69498e-06 4.33348e-08)
(0.991686 4.43222e-06 -3.0539e-08)
(0.991694 2.54497e-06 -9.16985e-08)
(0.991684 -2.10628e-07 -1.15108e-07)
(0.99166 -3.02835e-06 -9.26477e-08)
(0.909989 -3.22536e-06 -2.3261e-08)
(0.909944 -3.19139e-06 3.19936e-08)
(0.909908 -1.96738e-06 7.75543e-08)
(0.909898 -6.79789e-08 9.53483e-08)
(0.909918 1.98177e-06 7.8574e-08)
(0.909958 3.22237e-06 2.76929e-08)
(0.910001 3.22991e-06 -3.55779e-08)
(0.910032 2.00501e-06 -8.38753e-08)
(0.91004 4.62281e-08 -9.55484e-08)
(0.910025 -2.03022e-06 -7.20812e-08)
(0.76329 -1.29753e-06 -1.00102e-08)
(0.763236 -1.44576e-06 3.21469e-08)
(0.763192 -1.05592e-06 6.52373e-08)
(0.763172 -3.41902e-07 7.51721e-08)
(0.763183 5.54356e-07 5.65129e-08)
(0.763224 1.29431e-06 1.27635e-08)
(0.763279 1.52536e-06 -3.66819e-08)
(0.763327 1.11389e-06 -7.02468e-08)
(0.763347 2.50775e-07 -7.29429e-08)
(0.763332 -6.59879e-07 -5.00959e-08)
(0.763291 1.28875e-06 -8.29156e-09)
(0.763237 1.44383e-06 2.49466e-08)
(0.763192 1.06005e-06 5.08074e-08)
(0.763172 3.49068e-07 5.85951e-08)
(0.763183 -5.41858e-07 4.41613e-08)
(0.763223 -1.28431e-06 1.01179e-08)
(0.763278 -1.52272e-06 -2.85736e-08)
(0.763326 -1.11967e-06 -5.45769e-08)
(0.763347 -2.62688e-07 -5.70095e-08)
(0.763333 6.47924e-07 -3.94836e-08)
(0.909989 3.20842e-06 -1.75133e-08)
(0.909944 3.19118e-06 2.51592e-08)
(0.909909 1.98275e-06 5.98396e-08)
(0.909898 9.98364e-08 7.32874e-08)
(0.909918 -1.95488e-06 5.9828e-08)
(0.909958 -3.20562e-06 2.05576e-08)
(0.910001 -3.22912e-06 -2.80468e-08)
(0.910031 -2.02013e-06 -6.45524e-08)
(0.91004 -8.25605e-08 -7.33017e-08)
(0.910026 2.00315e-06 -5.51306e-08)
(0.991629 4.66753e-06 -2.75677e-08)
(0.991603 4.56463e-06 2.24443e-08)
(0.991592 2.65634e-06 6.50814e-08)
(0.991602 -2.59344e-07 8.56675e-08)
(0.991629 -3.13287e-06 7.32911e-08)
(0.991661 -4.67386e-06 3.10768e-08)
(0.991685 -4.43356e-06 -2.46852e-08)
(0.991694 -2.56907e-06 -6.98937e-08)
(0.991684 1.63761e-07 -8.67061e-08)
(0.99166 2.98958e-06 -6.89978e-08)
(1.04765 5.60566e-06 -3.69616e-08)
(1.04764 4.94374e-06 1.97134e-08)
(1.04765 2.28595e-06 6.98009e-08)
(1.04767 -1.27744e-06 9.59127e-08)
(1.04769 -4.28245e-06 8.53932e-08)
(1.04771 -5.59298e-06 4.06431e-08)
(1.04772 -4.77718e-06 -2.14375e-08)
(1.04771 -2.19291e-06 -7.46473e-08)
(1.04769 1.17109e-06 -9.7428e-08)
(1.04767 4.11566e-06 -8.14822e-08)
(1.08912 5.83467e-06 -4.50724e-08)
(1.08913 4.62364e-06 1.7775e-08)
(1.08915 1.54113e-06 7.45252e-08)
(1.08917 -2.16032e-06 1.05382e-07)
(1.08918 -4.95934e-06 9.61795e-08)
(1.08919 -5.80337e-06 4.87453e-08)
(1.08918 -4.4417e-06 -1.91637e-08)
(1.08916 -1.45317e-06 -7.91173e-08)
(1.08914 2.03316e-06 -1.07074e-07)
(1.08913 4.78778e-06 -9.25956e-08)
(1.12033 5.39596e-06 -5.14853e-08)
(1.12035 3.81085e-06 1.69123e-08)
(1.12038 6.77679e-07 7.9637e-08)
(1.12039 -2.73205e-06 1.13998e-07)
(1.12039 -5.02808e-06 1.05299e-07)
(1.12038 -5.34794e-06 5.50548e-08)
(1.12036 -3.64205e-06 -1.80493e-08)
(1.12034 -6.13104e-07 -8.38181e-08)
(1.12032 2.60084e-06 -1.15729e-07)
(1.12032 4.88012e-06 -1.01993e-07)
(1.14293 4.36513e-06 -5.59842e-08)
(1.14296 2.74036e-06 1.69915e-08)
(1.14298 -2.67447e-09 8.41733e-08)
(1.14298 -2.74528e-06 1.21134e-07)
(1.14296 -4.38647e-06 1.12353e-07)
(1.14293 -4.31183e-06 5.94237e-08)
(1.1429 -2.6086e-06 -1.79972e-08)
(1.14289 3.74085e-08 -8.81535e-08)
(1.14288 2.6315e-06 -1.22873e-07)
(1.1429 4.27914e-06 -1.09263e-07)
(1.1575 2.84289e-06 -5.86328e-08)
(1.15754 1.61309e-06 1.75654e-08)
(1.15755 -2.77306e-07 8.77232e-08)
(1.15754 -2.05387e-06 1.26238e-07)
(1.15751 -3.01438e-06 1.17041e-07)
(1.15747 -2.80127e-06 6.19657e-08)
(1.15744 -1.53121e-06 -1.85396e-08)
(1.15742 2.91201e-07 -9.15833e-08)
(1.15743 1.97741e-06 -1.27968e-07)
(1.15746 2.95201e-06 -1.14099e-07)
(1.16455 9.90666e-07 -5.97897e-08)
(1.16459 5.32592e-07 1.81363e-08)
(1.1646 -1.44655e-07 8.97178e-08)
(1.16458 -7.62383e-07 1.28874e-07)
(1.16453 -1.07845e-06 1.19323e-07)
(1.16448 -9.75512e-07 6.30566e-08)
(1.16445 -5.04247e-07 -1.89871e-08)
(1.16444 1.48732e-07 -9.346e-08)
(1.16446 7.35528e-07 -1.30593e-07)
(1.1645 1.05742e-06 -1.16462e-07)
(1.16455 -9.75652e-07 -5.97941e-08)
(1.16459 -5.1462e-07 1.81343e-08)
(1.1646 1.5684e-07 8.97202e-08)
(1.16458 7.62845e-07 1.2888e-07)
(1.16453 1.06738e-06 1.19331e-07)
(1.16448 9.5858e-07 6.30637e-08)
(1.16445 4.88728e-07 -1.89916e-08)
(1.16444 -1.57844e-07 -9.34674e-08)
(1.16446 -7.3606e-07 -1.30597e-07)
(1.1645 -1.04969e-06 -1.16468e-07)
(1.1575 -2.83284e-06 -5.86496e-08)
(1.15754 -1.59854e-06 1.75725e-08)
(1.15756 2.89203e-07 8.77359e-08)
(1.15754 2.05724e-06 1.26255e-07)
(1.15751 3.00804e-06 1.17063e-07)
(1.15747 2.7891e-06 6.19843e-08)
(1.15744 1.51872e-06 -1.85114e-08)
(1.15742 -3.00054e-07 -9.15824e-08)
(1.15743 -1.98077e-06 -1.27979e-07)
(1.15746 -2.94909e-06 -1.14118e-07)
(1.14293 -4.36274e-06 -5.60195e-08)
(1.14296 -2.73081e-06 1.6998e-08)
(1.14298 1.42758e-08 8.41875e-08)
(1.14298 2.75289e-06 1.21154e-07)
(1.14296 4.38737e-06 1.12386e-07)
(1.14293 4.30708e-06 5.94499e-08)
(1.1429 2.60076e-06 -1.79414e-08)
(1.14289 -4.59354e-08 -8.81406e-08)
(1.14288 -2.63889e-06 -1.22884e-07)
(1.1429 -4.28345e-06 -1.0929e-07)
(1.12033 -5.40098e-06 -5.15377e-08)
(1.12035 -3.80604e-06 1.69018e-08)
(1.12038 -6.65364e-07 7.96377e-08)
(1.12039 2.74355e-06 1.14014e-07)
(1.12039 5.03572e-06 1.05338e-07)
(1.12038 5.35036e-06 5.5091e-08)
(1.12036 3.63908e-06 -1.79809e-08)
(1.12034 6.0523e-07 -8.37896e-08)
(1.12032 -2.61162e-06 -1.1573e-07)
(1.12032 -4.89102e-06 -1.02024e-07)
(1.08912 -5.84495e-06 -4.51376e-08)
(1.08913 -4.62311e-06 1.77481e-08)
(1.08915 -1.53038e-06 7.44996e-08)
(1.08917 2.17358e-06 1.05383e-07)
(1.08918 4.97134e-06 9.62166e-08)
(1.08919 5.81092e-06 4.87923e-08)
(1.08918 4.44267e-06 -1.90781e-08)
(1.08916 1.44679e-06 -7.90965e-08)
(1.08914 -2.0453e-06 -1.07061e-07)
(1.08913 -4.80261e-06 -9.26265e-08)
(1.04765 -5.61847e-06 -3.70352e-08)
(1.04764 -4.94653e-06 1.96719e-08)
(1.04765 -2.27883e-06 6.97975e-08)
(1.04767 1.29023e-06 9.59116e-08)
(1.04769 4.29592e-06 8.54227e-08)
(1.04771 5.60309e-06 4.06944e-08)
(1.04772 4.78085e-06 -2.13279e-08)
(1.04771 2.1884e-06 -7.46257e-08)
(1.04769 -1.18268e-06 -9.73963e-08)
(1.04767 -4.13132e-06 -8.1509e-08)
(0.991629 -4.67999e-06 -2.76438e-08)
(0.991603 -4.56922e-06 2.24005e-08)
(0.991592 -2.65191e-06 6.50121e-08)
(0.991602 2.72271e-07 8.56242e-08)
(0.991629 3.14539e-06 7.33058e-08)
(0.991661 4.68402e-06 3.113e-08)
(0.991685 4.43842e-06 -2.45568e-08)
(0.991694 2.56653e-06 -6.98597e-08)
(0.991684 -1.75727e-07 -8.66533e-08)
(0.99166 -3.00351e-06 -6.90175e-08)
(0.909989 -3.21676e-06 -1.75838e-08)
(0.909944 -3.19417e-06 2.51222e-08)
(0.909909 -1.97991e-06 5.9777e-08)
(0.909898 -9.06119e-08 7.3259e-08)
(0.909918 1.96369e-06 5.9822e-08)
(0.909958 3.21294e-06 2.06098e-08)
(0.910001 3.23259e-06 -2.79042e-08)
(0.910031 2.01834e-06 -6.45009e-08)
(0.91004 7.29185e-08 -7.33289e-08)
(0.910026 -2.0128e-06 -5.51474e-08)
(0.763291 -1.2928e-06 -8.34416e-09)
(0.763236 -1.44572e-06 2.49354e-08)
(0.763192 -1.05946e-06 5.07513e-08)
(0.763172 -3.46528e-07 5.87035e-08)
(0.763183 5.45981e-07 4.41392e-08)
(0.763224 1.28835e-06 1.01711e-08)
(0.763278 1.52501e-06 -2.84166e-08)
(0.763326 1.11913e-06 -5.45337e-08)
(0.763347 2.59381e-07 -5.70515e-08)
(0.763333 -6.52213e-07 -3.95005e-08)
(0.763291 1.28666e-06 -3.93707e-09)
(0.763237 1.44388e-06 7.93305e-09)
(0.763192 1.06191e-06 1.76711e-08)
(0.763172 3.52269e-07 2.10031e-08)
(0.763183 -5.38117e-07 1.63929e-08)
(0.763223 -1.28176e-06 4.54276e-09)
(0.763278 -1.52251e-06 -9.22318e-09)
(0.763326 -1.12203e-06 -1.8898e-08)
(0.763347 -2.66636e-07 -2.04158e-08)
(0.763333 6.4455e-07 -1.47647e-08)
(0.90999 3.2048e-06 -7.26815e-09)
(0.909944 3.19273e-06 7.84421e-09)
(0.909909 1.98871e-06 2.06795e-08)
(0.909898 1.11321e-07 2.61141e-08)
(0.909918 -1.94692e-06 2.18907e-08)
(0.909958 -3.20166e-06 8.28983e-09)
(0.91 -3.23067e-06 -8.89346e-09)
(0.910031 -2.02643e-06 -2.22378e-08)
(0.91004 -9.56441e-08 -2.60229e-08)
(0.910026 1.99549e-06 -2.02433e-08)
(0.991629 4.66251e-06 -1.07373e-08)
(0.991603 4.56751e-06 6.82567e-09)
(0.991592 2.66619e-06 2.23485e-08)
(0.991602 -2.434e-07 3.02385e-08)
(0.991629 -3.1219e-06 2.64569e-08)
(0.99166 -4.66936e-06 1.19275e-08)
(0.991685 -4.43682e-06 -7.65214e-09)
(0.991694 -2.57873e-06 -2.3956e-08)
(0.991684 1.47322e-07 -3.05362e-08)
(0.99166 2.97869e-06 -2.49451e-08)
(1.04765 5.60185e-06 -1.39182e-08)
(1.04764 4.9495e-06 5.82026e-09)
(1.04765 2.29929e-06 2.37988e-08)
(1.04767 -1.26205e-06 3.35585e-08)
(1.04769 -4.27102e-06 3.0472e-08)
(1.04771 -5.58982e-06 1.51745e-08)
(1.04772 -4.78328e-06 -6.46686e-09)
(1.04771 -2.20583e-06 -2.5396e-08)
(1.04769 1.15637e-06 -3.40211e-08)
(1.04767 4.10428e-06 -2.90913e-08)
(1.08912 5.83295e-06 -1.6628e-08)
(1.08913 4.63189e-06 5.08929e-09)
(1.08915 1.55644e-06 2.52474e-08)
(1.08917 -2.14458e-06 3.65818e-08)
(1.08918 -4.94897e-06 3.39902e-08)
(1.08919 -5.80234e-06 1.78883e-08)
(1.08918 -4.45016e-06 -5.61323e-09)
(1.08916 -1.46804e-06 -2.67679e-08)
(1.08914 2.01811e-06 -3.71145e-08)
(1.08913 4.77733e-06 -3.27242e-08)
(1.12033 5.39637e-06 -1.87482e-08)
(1.12035 3.82035e-06 4.72699e-09)
(1.12038 6.92819e-07 2.67449e-08)
(1.12039 -2.71773e-06 3.92837e-08)
(1.12039 -5.01993e-06 3.69243e-08)
(1.12038 -5.34902e-06 1.99807e-08)
(1.12036 -3.65173e-06 -5.15966e-09)
(1.12034 -6.27923e-07 -2.82125e-08)
(1.12032 2.58705e-06 -3.98505e-08)
(1.12032 4.87179e-06 -3.57548e-08)
(1.14292 4.36691e-06 -2.02232e-08)
(1.14295 2.74938e-06 4.69013e-09)
(1.14298 1.0053e-08 2.81219e-08)
(1.14298 -2.73395e-06 4.1509e-08)
(1.14296 -4.38093e-06 3.91671e-08)
(1.14293 -4.31422e-06 2.14147e-08)
(1.1429 -2.61777e-06 -5.07229e-09)
(1.14289 2.51082e-08 -2.95218e-08)
(1.14288 2.62057e-06 -4.20832e-08)
(1.1429 4.27341e-06 -3.80734e-08)
(1.1575 2.84478e-06 -2.10872e-08)
(1.15754 1.61986e-06 4.85073e-09)
(1.15755 -2.68587e-07 2.92126e-08)
(1.15754 -2.04661e-06 4.309e-08)
(1.15751 -3.01131e-06 4.06434e-08)
(1.15747 -2.80358e-06 2.22399e-08)
(1.15744 -1.53763e-06 -5.19683e-09)
(1.15742 2.8296e-07 -3.05599e-08)
(1.15743 1.97037e-06 -4.36665e-08)
(1.15746 2.94879e-06 -3.96012e-08)
(1.16455 9.91462e-07 -2.14615e-08)
(1.16459 5.35167e-07 5.02541e-09)
(1.1646 -1.41462e-07 2.98283e-08)
(1.16458 -7.59884e-07 4.39028e-08)
(1.16453 -1.07747e-06 4.13575e-08)
(1.16448 -9.76441e-07 2.25923e-08)
(1.16445 -5.06518e-07 -5.30969e-09)
(1.16444 1.4582e-07 -3.11279e-08)
(1.16446 7.33092e-07 -4.44795e-08)
(1.1645 1.05638e-06 -4.03434e-08)
(1.16455 -9.76456e-07 -2.14626e-08)
(1.16459 -5.17122e-07 5.02179e-09)
(1.1646 1.53874e-07 2.98326e-08)
(1.16458 7.60374e-07 4.39039e-08)
(1.16453 1.06646e-06 4.13604e-08)
(1.16448 9.59541e-07 2.25952e-08)
(1.16445 4.91018e-07 -5.31288e-09)
(1.16444 -1.54984e-07 -3.11314e-08)
(1.16446 -7.33665e-07 -4.4481e-08)
(1.1645 -1.04869e-06 -4.03452e-08)
(1.1575 -2.8348e-06 -2.10928e-08)
(1.15754 -1.60493e-06 4.85707e-09)
(1.15756 2.80858e-07 2.92315e-08)
(1.15754 2.05002e-06 4.30922e-08)
(1.15751 3.00502e-06 4.06512e-08)
(1.15747 2.79141e-06 2.22463e-08)
(1.15744 1.52526e-06 -5.18544e-09)
(1.15742 -2.91801e-07 -3.05586e-08)
(1.15743 -1.97375e-06 -4.36696e-08)
(1.15746 -2.94589e-06 -3.96071e-08)
(1.14292 -4.36461e-06 -2.02383e-08)
(1.14296 -2.73957e-06 4.72575e-09)
(1.14298 1.86289e-09 2.81668e-08)
(1.14298 2.74163e-06 4.15121e-08)
(1.14296 4.38187e-06 3.91785e-08)
(1.14293 4.30946e-06 2.14224e-08)
(1.1429 2.60993e-06 -5.05529e-09)
(1.14289 -3.3644e-08 -2.95183e-08)
(1.14288 -2.62795e-06 -4.2086e-08)
(1.1429 -4.27774e-06 -3.80818e-08)
(1.12033 -5.40143e-06 -1.87697e-08)
(1.12035 -3.81565e-06 4.75923e-09)
(1.12038 -6.81638e-07 2.67969e-08)
(1.12039 2.72911e-06 3.92917e-08)
(1.12039 5.02761e-06 3.6938e-08)
(1.12038 5.35146e-06 1.99899e-08)
(1.12036 3.64876e-06 -5.13919e-09)
(1.12034 6.199e-07 -2.82042e-08)
(1.12032 -2.59783e-06 -3.9849e-08)
(1.12032 -4.8827e-06 -3.57653e-08)
(1.08912 -5.84325e-06 -1.66536e-08)
(1.08913 -4.63154e-06 5.10779e-09)
(1.08915 -1.54683e-06 2.51518e-08)
(1.08917 2.15773e-06 3.65669e-08)
(1.08918 4.96101e-06 3.40063e-08)
(1.08919 5.80991e-06 1.78993e-08)
(1.08918 4.45118e-06 -5.58757e-09)
(1.08916 1.46149e-06 -2.67727e-08)
(1.08914 -2.03024e-06 -3.71101e-08)
(1.08913 -4.79216e-06 -3.27356e-08)
(1.04765 -5.61469e-06 -1.3948e-08)
(1.04764 -4.95241e-06 5.82874e-09)
(1.04765 -2.29199e-06 2.37123e-08)
(1.04767 1.27488e-06 3.35496e-08)
(1.04769 4.2845e-06 3.04862e-08)
(1.04771 5.59996e-06 1.51847e-08)
(1.04772 4.78697e-06 -6.43188e-09)
(1.04771 2.20141e-06 -2.53977e-08)
(1.04769 -1.16788e-06 -3.40108e-08)
(1.04767 -4.11993e-06 -2.91034e-08)
(0.991629 -4.67499e-06 -1.07693e-08)
(0.991603 -4.57216e-06 6.83273e-09)
(0.991592 -2.66164e-06 2.22681e-08)
(0.991602 2.56424e-07 3.0224e-08)
(0.991629 3.13442e-06 2.64667e-08)
(0.991661 4.67955e-06 1.1938e-08)
(0.991685 4.44164e-06 -7.61756e-09)
(0.991694 2.5763e-06 -2.3941e-08)
(0.991684 -1.59533e-07 -3.05161e-08)
(0.99166 -2.99262e-06 -2.49569e-08)
(0.909989 -3.21315e-06 -7.29884e-09)
(0.909944 -3.19576e-06 7.85505e-09)
(0.909909 -1.9858e-06 2.06035e-08)
(0.909898 -1.01732e-07 2.61127e-08)
(0.909918 1.95574e-06 2.18948e-08)
(0.909958 3.209e-06 8.29918e-09)
(0.910001 3.23416e-06 -8.85598e-09)
(0.910031 2.02463e-06 -2.22193e-08)
(0.91004 8.56463e-08 -2.60381e-08)
(0.910026 -2.00514e-06 -2.02567e-08)
(0.763291 -1.29073e-06 -3.96077e-09)
(0.763237 -1.44579e-06 7.9536e-09)
(0.763192 -1.06121e-06 1.76004e-08)
(0.763172 -3.49445e-07 2.10293e-08)
(0.763183 5.42242e-07 1.63918e-08)
(0.763223 1.28577e-06 4.55183e-09)
(0.763278 1.52494e-06 -9.17924e-09)
(0.763326 1.12157e-06 -1.8881e-08)
(0.763347 2.6332e-07 -2.04385e-08)
(0.763333 -6.48838e-07 -1.47794e-08)
(0.763291 1.28665e-06 3.94697e-09)
(0.763237 1.4439e-06 -7.2581e-09)
(0.763192 1.06195e-06 -1.65315e-08)
(0.763172 3.52331e-07 -1.9808e-08)
(0.763183 -5.3806e-07 -1.55884e-08)
(0.763223 -1.28173e-06 -4.48344e-09)
(0.763278 -1.52253e-06 8.5082e-09)
(0.763326 -1.12209e-06 1.77039e-08)
(0.763347 -2.6671e-07 1.925e-08)
(0.763333 6.445e-07 1.40545e-08)
(0.90999 3.20478e-06 7.06283e-09)
(0.909944 3.19279e-06 -7.15356e-09)
(0.909909 1.98882e-06 -1.93048e-08)
(0.909898 1.11513e-07 -2.45583e-08)
(0.909918 -1.94681e-06 -2.07359e-08)
(0.909958 -3.20164e-06 -8.02908e-09)
(0.91 -3.23073e-06 8.14718e-09)
(0.910031 -2.02656e-06 2.07904e-08)
(0.91004 -9.5868e-08 2.44837e-08)
(0.910026 1.99539e-06 1.91849e-08)
(0.991629 4.66248e-06 1.03093e-08)
(0.991603 4.5676e-06 -6.17956e-09)
(0.991592 2.66637e-06 -2.08282e-08)
(0.991602 -2.43145e-07 -2.83812e-08)
(0.991629 -3.12176e-06 -2.49956e-08)
(0.99166 -4.66933e-06 -1.1452e-08)
(0.991685 -4.43692e-06 6.94571e-09)
(0.991694 -2.57892e-06 2.23579e-08)
(0.991684 1.47048e-07 2.86831e-08)
(0.99166 2.97854e-06 2.35778e-08)
(1.04765 5.60185e-06 1.329e-08)
(1.04764 4.94964e-06 -5.22039e-09)
(1.04765 2.29952e-06 -2.21575e-08)
(1.04767 -1.26182e-06 -3.1461e-08)
(1.04769 -4.27087e-06 -2.8742e-08)
(1.04771 -5.58983e-06 -1.45038e-08)
(1.04772 -4.78342e-06 5.80545e-09)
(1.04771 -2.20606e-06 2.36714e-08)
(1.04769 1.15614e-06 3.19221e-08)
(1.04767 4.10413e-06 2.74525e-08)
(1.08912 5.83298e-06 1.5834e-08)
(1.08913 4.63205e-06 -4.51978e-09)
(1.08915 1.55669e-06 -2.34936e-08)
(1.08917 -2.14436e-06 -3.42748e-08)
(1.08918 -4.94886e-06 -3.20297e-08)
(1.08919 -5.80238e-06 -1.70551e-08)
(1.08918 -4.45033e-06 4.9824e-09)
(1.08916 -1.46829e-06 2.49299e-08)
(1.08914 2.01789e-06 3.48016e-08)
(1.08913 4.7772e-06 3.08513e-08)
(1.12033 5.39643e-06 1.78287e-08)
(1.12035 3.82053e-06 -4.16705e-09)
(1.12038 6.93054e-07 -2.48661e-08)
(1.12039 -2.71754e-06 -3.67941e-08)
(1.12039 -5.01984e-06 -3.47772e-08)
(1.12038 -5.34908e-06 -1.90246e-08)
(1.12036 -3.65191e-06 4.53991e-09)
(1.12034 -6.28162e-07 2.62654e-08)
(1.12032 2.58686e-06 3.73541e-08)
(1.12032 4.8717e-06 3.36913e-08)
(1.14292 4.36698e-06 1.92192e-08)
(1.14295 2.74954e-06 -4.12252e-09)
(1.14298 1.02451e-08 -2.61504e-08)
(1.14298 -2.7338e-06 -3.88773e-08)
(1.14296 -4.38088e-06 -3.68815e-08)
(1.14293 -4.31429e-06 -2.03769e-08)
(1.1429 -2.61794e-06 4.44592e-09)
(1.14289 2.49207e-08 2.74814e-08)
(1.14288 2.62042e-06 3.94416e-08)
(1.1429 4.27336e-06 3.58676e-08)
(1.1575 2.84484e-06 2.00348e-08)
(1.15754 1.61998e-06 -4.26764e-09)
(1.15755 -2.68459e-07 -2.71712e-08)
(1.15754 -2.04652e-06 -4.03599e-08)
(1.15751 -3.01129e-06 -3.82694e-08)
(1.15747 -2.80364e-06 -2.11572e-08)
(1.15744 -1.53774e-06 4.55524e-09)
(1.15742 2.82839e-07 2.84493e-08)
(1.15743 1.97028e-06 4.0925e-08)
(1.15746 2.94877e-06 3.73037e-08)
(1.16455 9.91482e-07 2.03881e-08)
(1.16459 5.35211e-07 -4.43016e-09)
(1.1646 -1.41416e-07 -2.77487e-08)
(1.16458 -7.59853e-07 -4.1123e-08)
(1.16453 -1.07747e-06 -3.89419e-08)
(1.16448 -9.76465e-07 -2.14913e-08)
(1.16445 -5.06556e-07 4.6576e-09)
(1.16444 1.45779e-07 2.898e-08)
(1.16446 7.33061e-07 4.16878e-08)
(1.1645 1.05638e-06 3.80019e-08)
(1.16455 -9.76478e-07 2.03893e-08)
(1.16459 -5.17162e-07 -4.4265e-09)
(1.1646 1.5383e-07 -2.77531e-08)
(1.16458 7.60344e-07 -4.1124e-08)
(1.16453 1.06646e-06 -3.89447e-08)
(1.16448 9.59563e-07 -2.14941e-08)
(1.16445 4.91055e-07 4.66072e-09)
(1.16444 -1.54942e-07 2.89835e-08)
(1.16446 -7.33634e-07 4.16894e-08)
(1.1645 -1.04868e-06 3.80036e-08)
(1.1575 -2.83485e-06 2.00403e-08)
(1.15754 -1.60505e-06 -4.27347e-09)
(1.15756 2.80732e-07 -2.71903e-08)
(1.15754 2.04993e-06 -4.03616e-08)
(1.15751 3.005e-06 -3.82772e-08)
(1.15747 2.79146e-06 -2.11635e-08)
(1.15744 1.52537e-06 4.54478e-09)
(1.15742 -2.91677e-07 2.84487e-08)
(1.15743 -1.97366e-06 4.09285e-08)
(1.15746 -2.94587e-06 3.73093e-08)
(1.14292 -4.36467e-06 1.92342e-08)
(1.14296 -2.73973e-06 -4.15577e-09)
(1.14298 1.67258e-09 -2.61957e-08)
(1.14298 2.74148e-06 -3.88798e-08)
(1.14296 4.38182e-06 -3.6893e-08)
(1.14293 4.30953e-06 -2.03849e-08)
(1.1429 2.6101e-06 4.43026e-09)
(1.14289 -3.34548e-08 2.74792e-08)
(1.14288 -2.6278e-06 3.94453e-08)
(1.1429 -4.27769e-06 3.58757e-08)
(1.12033 -5.40148e-06 1.78501e-08)
(1.12035 -3.81583e-06 -4.1958e-09)
(1.12038 -6.81872e-07 -2.49191e-08)
(1.12039 2.72892e-06 -3.68022e-08)
(1.12039 5.02753e-06 -3.47914e-08)
(1.12038 5.35152e-06 -1.90345e-08)
(1.12036 3.64894e-06 4.52102e-09)
(1.12034 6.20136e-07 2.6259e-08)
(1.12032 -2.59763e-06 3.73543e-08)
(1.12032 -4.88261e-06 3.37015e-08)
(1.08912 -5.84328e-06 1.58598e-08)
(1.08913 -4.63171e-06 -4.53385e-09)
(1.08915 -1.54708e-06 -2.33848e-08)
(1.08917 2.1575e-06 -3.42583e-08)
(1.08918 4.96089e-06 -3.20474e-08)
(1.08919 5.80994e-06 -1.70674e-08)
(1.08918 4.45135e-06 4.95858e-09)
(1.08916 1.46174e-06 2.49365e-08)
(1.08914 -2.03002e-06 3.47998e-08)
(1.08913 -4.79204e-06 3.08627e-08)
(1.04765 -5.61469e-06 1.33205e-08)
(1.04764 -4.95255e-06 -5.22235e-09)
(1.04765 -2.29222e-06 -2.20555e-08)
(1.04767 1.27465e-06 -3.14509e-08)
(1.04769 4.28435e-06 -2.87588e-08)
(1.04771 5.59996e-06 -1.4516e-08)
(1.04772 4.78711e-06 5.77291e-09)
(1.04771 2.20164e-06 2.36754e-08)
(1.04769 -1.16766e-06 3.19153e-08)
(1.04767 -4.11979e-06 2.74645e-08)
(0.991629 -4.67496e-06 1.0343e-08)
(0.991603 -4.57225e-06 -6.17682e-09)
(0.991592 -2.66182e-06 -2.07306e-08)
(0.991602 2.5617e-07 -2.83658e-08)
(0.991629 3.13427e-06 -2.50093e-08)
(0.991661 4.67952e-06 -1.14655e-08)
(0.991685 4.44174e-06 6.91409e-09)
(0.991694 2.57649e-06 2.23471e-08)
(0.991684 -1.59264e-07 2.86676e-08)
(0.99166 -2.99247e-06 2.35892e-08)
(0.909989 -3.21313e-06 7.09703e-09)
(0.909944 -3.19581e-06 -7.14954e-09)
(0.909909 -1.98591e-06 -1.92082e-08)
(0.909898 -1.01918e-07 -2.45548e-08)
(0.909918 1.95563e-06 -2.07456e-08)
(0.909958 3.20897e-06 -8.04207e-09)
(0.910001 3.23422e-06 8.11344e-09)
(0.910031 2.02476e-06 2.07766e-08)
(0.91004 8.58638e-08 2.45014e-08)
(0.910026 -2.00504e-06 1.91969e-08)
(0.763291 -1.29071e-06 3.97691e-09)
(0.763237 -1.44581e-06 -7.25786e-09)
(0.763192 -1.06126e-06 -1.64376e-08)
(0.763172 -3.49503e-07 -1.98312e-08)
(0.763183 5.42185e-07 -1.5594e-08)
(0.763223 1.28574e-06 -4.4955e-09)
(0.763278 1.52496e-06 8.46935e-09)
(0.763326 1.12163e-06 1.76916e-08)
(0.763347 2.63393e-07 1.92743e-08)
(0.763333 -6.48789e-07 1.40665e-08)
(0.763291 1.28866e-06 8.30464e-09)
(0.763237 1.44385e-06 -2.43289e-08)
(0.763192 1.06015e-06 -4.98242e-08)
(0.763172 3.4922e-07 -5.75877e-08)
(0.763183 -5.41688e-07 -4.34827e-08)
(0.763223 -1.28421e-06 -1.00749e-08)
(0.763278 -1.52274e-06 2.79344e-08)
(0.763326 -1.11981e-06 5.35311e-08)
(0.763347 -2.6288e-07 5.60073e-08)
(0.763333 6.47777e-07 3.88795e-08)
(0.909989 3.2083e-06 1.72988e-08)
(0.909944 3.19132e-06 -2.45632e-08)
(0.909909 1.98306e-06 -5.86586e-08)
(0.909898 1.00376e-07 -7.19584e-08)
(0.909918 -1.95454e-06 -5.8812e-08)
(0.909958 -3.2055e-06 -2.03052e-08)
(0.910001 -3.22927e-06 2.73976e-08)
(0.910031 -2.02047e-06 6.32769e-08)
(0.91004 -8.31781e-08 7.19473e-08)
(0.910026 2.00283e-06 5.41938e-08)
(0.991629 4.66739e-06 2.71099e-08)
(0.991603 4.56486e-06 -2.19264e-08)
(0.991592 2.65685e-06 -6.37778e-08)
(0.991602 -2.58595e-07 -8.40433e-08)
(0.991629 -3.13241e-06 -7.19604e-08)
(0.991661 -4.67374e-06 -3.05915e-08)
(0.991685 -4.43381e-06 2.40954e-08)
(0.991694 -2.56959e-06 6.84778e-08)
(0.991684 1.62985e-07 8.50422e-08)
(0.99166 2.98913e-06 6.77456e-08)
(1.04765 5.60559e-06 3.62795e-08)
(1.04764 4.94412e-06 -1.92671e-08)
(1.04765 2.28662e-06 -6.83825e-08)
(1.04767 -1.27674e-06 -9.40383e-08)
(1.04769 -4.28199e-06 -8.37739e-08)
(1.04771 -5.59295e-06 -3.99394e-08)
(1.04772 -4.77757e-06 2.09085e-08)
(1.04771 -2.19358e-06 7.31067e-08)
(1.04769 1.17041e-06 9.55043e-08)
(1.04767 4.11521e-06 7.99385e-08)
(1.08912 5.83472e-06 4.4199e-08)
(1.08913 4.62415e-06 -1.73775e-08)
(1.08915 1.54204e-06 -7.29963e-08)
(1.08917 -2.1596e-06 -1.03279e-07)
(1.08918 -4.95896e-06 -9.43026e-08)
(1.08919 -5.80345e-06 -4.78541e-08)
(1.08918 -4.44221e-06 1.86774e-08)
(1.08916 -1.45391e-06 7.74593e-08)
(1.08914 2.03248e-06 1.04914e-07)
(1.08913 4.78739e-06 9.079e-08)
(1.12033 5.39611e-06 5.04623e-08)
(1.12035 3.81141e-06 -1.65365e-08)
(1.12038 6.78554e-07 -7.79909e-08)
(1.12039 -2.73142e-06 -1.11691e-07)
(1.12039 -5.02781e-06 -1.03206e-07)
(1.12038 -5.34811e-06 -5.40173e-08)
(1.12036 -3.6426e-06 1.75827e-08)
(1.12034 -6.13826e-07 8.20424e-08)
(1.12032 2.60024e-06 1.13358e-07)
(1.12032 4.87984e-06 9.99657e-08)
(1.14293 4.36532e-06 5.48566e-08)
(1.14296 2.74086e-06 -1.66146e-08)
(1.14298 -2.08239e-09 -8.2421e-08)
(1.14298 -2.7448e-06 -1.18658e-07)
(1.14296 -4.38631e-06 -1.10094e-07)
(1.14293 -4.31205e-06 -5.82854e-08)
(1.1429 -2.60911e-06 1.75284e-08)
(1.14289 3.68151e-08 8.62705e-08)
(1.14288 2.63104e-06 1.2033e-07)
(1.1429 4.27897e-06 1.07065e-07)
(1.1575 2.84305e-06 5.74431e-08)
(1.15754 1.61345e-06 -1.71766e-08)
(1.15755 -2.76911e-07 -8.58889e-08)
(1.15754 -2.05356e-06 -1.23644e-07)
(1.15751 -3.0143e-06 -1.14673e-07)
(1.15747 -2.80145e-06 -6.07692e-08)
(1.15744 -1.53156e-06 1.80548e-08)
(1.15742 2.90808e-07 8.96168e-08)
(1.15743 1.97712e-06 1.25305e-07)
(1.15746 2.95193e-06 1.11789e-07)
(1.16455 9.9073e-07 5.8572e-08)
(1.16459 5.32724e-07 -1.77365e-08)
(1.1646 -1.44515e-07 -8.78382e-08)
(1.16458 -7.62278e-07 -1.26219e-07)
(1.16453 -1.07843e-06 -1.16903e-07)
(1.16448 -9.75579e-07 -6.18357e-08)
(1.16445 -5.04369e-07 1.84896e-08)
(1.16444 1.48596e-07 9.14484e-08)
(1.16446 7.35428e-07 1.27868e-07)
(1.1645 1.05739e-06 1.14097e-07)
(1.16455 -9.75712e-07 5.85758e-08)
(1.16459 -5.14747e-07 -1.77347e-08)
(1.1646 1.56697e-07 -8.78404e-08)
(1.16458 7.62748e-07 -1.26224e-07)
(1.16453 1.06736e-06 -1.16911e-07)
(1.16448 9.58651e-07 -6.18428e-08)
(1.16445 4.88855e-07 1.84937e-08)
(1.16444 -1.57707e-07 9.14556e-08)
(1.16446 -7.35961e-07 1.27872e-07)
(1.1645 -1.04967e-06 1.14103e-07)
(1.1575 -2.833e-06 5.74579e-08)
(1.15754 -1.59888e-06 -1.7185e-08)
(1.15756 2.88805e-07 -8.59009e-08)
(1.15754 2.05695e-06 -1.23658e-07)
(1.15751 3.00796e-06 -1.14694e-07)
(1.15747 2.78928e-06 -6.0788e-08)
(1.15744 1.51908e-06 1.80257e-08)
(1.15742 -2.99659e-07 8.96155e-08)
(1.15743 -1.98047e-06 1.25315e-07)
(1.15746 -2.949e-06 1.11807e-07)
(1.14293 -4.36293e-06 5.48887e-08)
(1.14296 -2.73129e-06 -1.66238e-08)
(1.14298 1.36769e-08 -8.24344e-08)
(1.14298 2.75241e-06 -1.18675e-07)
(1.14296 4.3872e-06 -1.10125e-07)
(1.14293 4.3073e-06 -5.83122e-08)
(1.1429 2.60127e-06 1.74718e-08)
(1.14289 -4.53387e-08 8.62578e-08)
(1.14288 -2.63842e-06 1.20342e-07)
(1.1429 -4.28328e-06 1.07092e-07)
(1.12033 -5.40112e-06 5.05104e-08)
(1.12035 -3.80658e-06 -1.65288e-08)
(1.12038 -6.66132e-07 -7.799e-08)
(1.12039 2.74293e-06 -1.11703e-07)
(1.12039 5.03544e-06 -1.03242e-07)
(1.12038 5.35054e-06 -5.4055e-08)
(1.12036 3.63964e-06 1.75132e-08)
(1.12034 6.05952e-07 8.2015e-08)
(1.12032 -2.61101e-06 1.13361e-07)
(1.12032 -4.89073e-06 9.99965e-08)
(1.08912 -5.84499e-06 4.42594e-08)
(1.08913 -4.62361e-06 -1.73517e-08)
(1.08915 -1.53116e-06 -7.29657e-08)
(1.08917 2.17287e-06 -1.03276e-07)
(1.08918 4.97095e-06 -9.43387e-08)
(1.08919 5.811e-06 -4.79039e-08)
(1.08918 4.44319e-06 1.85902e-08)
(1.08916 1.44753e-06 7.7441e-08)
(1.08914 -2.04462e-06 1.04904e-07)
(1.08913 -4.80222e-06 9.08208e-08)
(1.04765 -5.6184e-06 3.63485e-08)
(1.04764 -4.94691e-06 -1.92237e-08)
(1.04765 -2.2795e-06 -6.83682e-08)
(1.04767 1.28953e-06 -9.40301e-08)
(1.04769 4.29547e-06 -8.38043e-08)
(1.04771 5.60306e-06 -3.99959e-08)
(1.04772 4.78125e-06 2.07982e-08)
(1.04771 2.18908e-06 7.30881e-08)
(1.04769 -1.18199e-06 9.54774e-08)
(1.04767 -4.13087e-06 7.99655e-08)
(0.991629 -4.67983e-06 2.71829e-08)
(0.991603 -4.56945e-06 -2.18741e-08)
(0.991592 -2.65242e-06 -6.37012e-08)
(0.991602 2.71528e-07 -8.3995e-08)
(0.991629 3.14492e-06 -7.19791e-08)
(0.991661 4.6839e-06 -3.06527e-08)
(0.991685 4.43867e-06 2.3967e-08)
(0.991694 2.56707e-06 6.84483e-08)
(0.991684 -1.74958e-07 8.49962e-08)
(0.99166 -3.00306e-06 6.77651e-08)
(0.909989 -3.21663e-06 1.73698e-08)
(0.909944 -3.1943e-06 -2.45076e-08)
(0.909909 -1.98022e-06 -5.85779e-08)
(0.909898 -9.11305e-08 -7.19236e-08)
(0.909918 1.96335e-06 -5.8814e-08)
(0.909958 3.21281e-06 -2.0368e-08)
(0.910001 3.23273e-06 2.72561e-08)
(0.910031 2.01868e-06 6.32326e-08)
(0.91004 7.35215e-08 7.19817e-08)
(0.910026 -2.01248e-06 5.42089e-08)
(0.763291 -1.29271e-06 8.36522e-09)
(0.763237 -1.44574e-06 -2.42848e-08)
(0.763192 -1.05955e-06 -4.9745e-08)
(0.763172 -3.46663e-07 -5.76828e-08)
(0.763183 5.4581e-07 -4.34726e-08)
(0.763224 1.28825e-06 -1.01391e-08)
(0.763278 1.52504e-06 2.77814e-08)
(0.763326 1.11926e-06 5.34956e-08)
(0.763347 2.59573e-07 5.60558e-08)
(0.763333 -6.52066e-07 3.88919e-08)
(0.76329 1.29334e-06 1.01899e-08)
(0.763236 1.44391e-06 -3.17661e-08)
(0.763192 1.05662e-06 -6.4787e-08)
(0.763172 3.43539e-07 -7.51298e-08)
(0.763183 -5.49916e-07 -5.67043e-08)
(0.763224 -1.29004e-06 -1.28854e-08)
(0.763279 -1.52315e-06 3.68116e-08)
(0.763326 -1.11469e-06 7.03875e-08)
(0.763347 -2.54353e-07 7.30106e-08)
(0.763332 6.55259e-07 5.01602e-08)
(0.909989 3.21678e-06 2.32863e-08)
(0.909944 3.18865e-06 -3.17784e-08)
(0.909909 1.97074e-06 -7.71013e-08)
(0.909898 7.70158e-08 -9.51464e-08)
(0.909918 -1.97227e-06 -7.85958e-08)
(0.909958 -3.21476e-06 -2.77318e-08)
(0.910001 -3.22668e-06 3.56817e-08)
(0.910031 -2.00752e-06 8.39308e-08)
(0.91004 -5.64241e-08 9.55464e-08)
(0.910025 2.0199e-06 7.2071e-08)
(0.991629 4.6792e-06 3.81863e-08)
(0.991603 4.55959e-06 -2.76786e-08)
(0.991592 2.63607e-06 -8.47199e-08)
(0.991602 -2.9291e-07 -1.13356e-07)
(0.991629 -3.15697e-06 -9.84351e-08)
(0.991661 -4.68452e-06 -4.32367e-08)
(0.991685 -4.42785e-06 3.06472e-08)
(0.991694 -2.54841e-06 9.16594e-08)
(0.991684 1.97682e-07 1.15045e-07)
(0.99166 3.01345e-06 9.24986e-08)
(1.04765 5.61507e-06 5.23692e-08)
(1.04764 4.93269e-06 -2.37437e-08)
(1.04765 2.25848e-06 -9.21763e-08)
(1.04767 -1.31051e-06 -1.29182e-07)
(1.04769 -4.30786e-06 -1.16869e-07)
(1.04771 -5.60108e-06 -5.76013e-08)
(1.04772 -4.76547e-06 2.60163e-08)
(1.04771 -2.16568e-06 9.89522e-08)
(1.04769 1.20294e-06 1.31412e-07)
(1.04767 4.14095e-06 1.11469e-07)
(1.08912 5.83982e-06 6.47333e-08)
(1.08913 4.60731e-06 -2.11398e-08)
(1.08915 1.50783e-06 -9.98411e-08)
(1.08917 -2.19455e-06 -1.44227e-07)
(1.08918 -4.98271e-06 -1.33677e-07)
(1.08919 -5.80705e-06 -6.98917e-08)
(1.08918 -4.42488e-06 2.30014e-08)
(1.08916 -1.42292e-06 1.06216e-07)
(1.08914 2.06565e-06 1.46638e-07)
(1.08913 4.8113e-06 1.2873e-07)
(1.12033 5.3965e-06 7.45371e-08)
(1.12035 3.79173e-06 -2.02924e-08)
(1.12038 6.44238e-07 -1.08383e-07)
(1.12039 -2.76353e-06 -1.58237e-07)
(1.12039 -5.04681e-06 -1.48118e-07)
(1.12038 -5.34708e-06 -7.94768e-08)
(1.12036 -3.62252e-06 2.18132e-08)
(1.12034 -5.82299e-07 1.14122e-07)
(1.12032 2.63097e-06 1.60623e-07)
(1.12032 4.89921e-06 1.43552e-07)
(1.14293 4.36241e-06 8.13795e-08)
(1.14296 2.72241e-06 -2.09778e-08)
(1.14298 -2.94361e-08 -1.16232e-07)
(1.14298 -2.77018e-06 -1.7003e-07)
(1.14296 -4.3995e-06 -1.59407e-07)
(1.14293 -4.30804e-06 -8.60901e-08)
(1.1429 -2.58976e-06 2.23226e-08)
(1.14289 6.3675e-08 1.21649e-07)
(1.14288 2.65564e-06 1.72366e-07)
(1.1429 4.29256e-06 1.55146e-07)
(1.15751 2.83956e-06 8.53546e-08)
(1.15754 1.59988e-06 -2.23737e-08)
(1.15756 -2.95457e-07 -1.2243e-07)
(1.15754 -2.06996e-06 -1.78557e-07)
(1.15751 -3.02177e-06 -1.66964e-07)
(1.15747 -2.79722e-06 -8.99005e-08)
(1.15743 -1.51765e-06 2.37401e-08)
(1.15742 3.08948e-07 1.27668e-07)
(1.15743 1.99302e-06 1.80838e-07)
(1.15746 2.95974e-06 1.62917e-07)
(1.16455 9.89238e-07 8.70637e-08)
(1.16459 5.27485e-07 -2.35161e-08)
(1.1646 -1.51202e-07 -1.25902e-07)
(1.16458 -7.67977e-07 -1.82992e-07)
(1.16453 -1.08083e-06 -1.70665e-07)
(1.16448 -9.73805e-07 -9.15018e-08)
(1.16445 -4.99373e-07 2.47895e-08)
(1.16444 1.55014e-07 1.30981e-07)
(1.16446 7.40936e-07 1.85236e-07)
(1.1645 1.05993e-06 1.66731e-07)
(1.16455 -9.74201e-07 8.70716e-08)
(1.16459 -5.09618e-07 -2.3515e-08)
(1.1646 1.63421e-07 -1.25897e-07)
(1.16458 7.68308e-07 -1.83004e-07)
(1.16453 1.06966e-06 -1.70678e-07)
(1.16448 9.56829e-07 -9.15113e-08)
(1.16445 4.8381e-07 2.47866e-08)
(1.16444 -1.64033e-07 1.30992e-07)
(1.16446 -7.41378e-07 1.85243e-07)
(1.1645 -1.05211e-06 1.66742e-07)
(1.15751 -2.82947e-06 8.53863e-08)
(1.15754 -1.58519e-06 -2.24006e-08)
(1.15756 3.07526e-07 -1.22436e-07)
(1.15754 2.07323e-06 -1.78593e-07)
(1.15751 3.01534e-06 -1.66999e-07)
(1.15747 2.78501e-06 -8.99219e-08)
(1.15743 1.50494e-06 2.36903e-08)
(1.15742 -3.17824e-07 1.27672e-07)
(1.15743 -1.99629e-06 1.80857e-07)
(1.15746 -2.95673e-06 1.62949e-07)
(1.14293 -4.35995e-06 8.1434e-08)
(1.14296 -2.71263e-06 -2.09534e-08)
(1.14298 4.13084e-08 -1.16195e-07)
(1.14298 2.7778e-06 -1.70076e-07)
(1.14296 4.40031e-06 -1.59461e-07)
(1.14293 4.30324e-06 -8.61271e-08)
(1.1429 2.58179e-06 2.22569e-08)
(1.14288 -7.2241e-08 1.21649e-07)
(1.14288 -2.66299e-06 1.72385e-07)
(1.1429 -4.29681e-06 1.55191e-07)
(1.12033 -5.40143e-06 7.4618e-08)
(1.12035 -3.7869e-06 -2.02271e-08)
(1.12038 -6.32867e-07 -1.08298e-07)
(1.12039 2.77495e-06 -1.58271e-07)
(1.12039 5.0544e-06 -1.48181e-07)
(1.12038 5.34942e-06 -7.95315e-08)
(1.12036 3.61953e-06 2.1729e-08)
(1.12034 5.74456e-07 1.14083e-07)
(1.12032 -2.64177e-06 1.60625e-07)
(1.12032 -4.91006e-06 1.43603e-07)
(1.08912 -5.85002e-06 6.48375e-08)
(1.08913 -4.6068e-06 -2.10516e-08)
(1.08915 -1.49826e-06 -9.98735e-08)
(1.08917 2.20771e-06 -1.44254e-07)
(1.08918 4.99469e-06 -1.33736e-07)
(1.08919 5.81451e-06 -6.99636e-08)
(1.08918 4.42579e-06 2.28869e-08)
(1.08916 1.41669e-06 1.06163e-07)
(1.08914 -2.07783e-06 1.46616e-07)
(1.08913 -4.82611e-06 1.28779e-07)
(1.04765 -5.62783e-06 5.24918e-08)
(1.04764 -4.93543e-06 -2.36372e-08)
(1.04765 -2.25099e-06 -9.22942e-08)
(1.04767 1.32352e-06 -1.29194e-07)
(1.04769 4.32132e-06 -1.16915e-07)
(1.04771 5.61114e-06 -5.76848e-08)
(1.04772 4.76903e-06 2.58716e-08)
(1.04771 2.16137e-06 9.8841e-08)
(1.04769 -1.21455e-06 1.31344e-07)
(1.04767 -4.15662e-06 1.11511e-07)
(0.991629 -4.69162e-06 3.83203e-08)
(0.991603 -4.5641e-06 -2.7555e-08)
(0.991592 -2.63106e-06 -8.48449e-08)
(0.991602 3.05941e-07 -1.13336e-07)
(0.991629 3.16949e-06 -9.84605e-08)
(0.991661 4.69464e-06 -4.3325e-08)
(0.991686 4.4326e-06 3.04621e-08)
(0.991694 2.5459e-06 9.15637e-08)
(0.991684 -2.09206e-07 1.14958e-07)
(0.99166 -3.0274e-06 9.2529e-08)
(0.909989 -3.2251e-06 2.34246e-08)
(0.909944 -3.19157e-06 -3.16502e-08)
(0.909908 -1.96792e-06 -7.72086e-08)
(0.909898 -6.88304e-08 -9.5192e-08)
(0.909918 1.98106e-06 -7.86008e-08)
(0.909958 3.22205e-06 -2.78197e-08)
(0.910001 3.23009e-06 3.54697e-08)
(0.910032 2.00564e-06 8.38105e-08)
(0.91004 4.73264e-08 9.55439e-08)
(0.910026 -2.02955e-06 7.20972e-08)
(0.76329 -1.29736e-06 1.03214e-08)
(0.763236 -1.44577e-06 -3.16601e-08)
(0.763192 -1.05611e-06 -6.48814e-08)
(0.763172 -3.42036e-07 -7.51362e-08)
(0.763183 5.54014e-07 -5.66854e-08)
(0.763224 1.29408e-06 -1.29703e-08)
(0.763279 1.52539e-06 3.6585e-08)
(0.763327 1.11415e-06 7.02612e-08)
(0.763347 2.51142e-07 7.30408e-08)
(0.763332 -6.59567e-07 5.01914e-08)
(0.76329 1.30137e-06 5.12222e-09)
(0.763236 1.44554e-06 -3.01688e-08)
(0.763191 1.05186e-06 -5.72781e-08)
(0.763172 3.36691e-07 -6.44037e-08)
(0.763183 -5.62506e-07 -4.7346e-08)
(0.763224 -1.29981e-06 -8.21939e-09)
(0.763279 -1.52505e-06 3.54572e-08)
(0.763327 -1.10834e-06 6.32104e-08)
(0.763347 -2.42802e-07 6.25961e-08)
(0.763332 6.66892e-07 4.02315e-08)
(0.909989 3.23115e-06 1.8259e-08)
(0.909944 3.18655e-06 -3.14294e-08)
(0.909908 1.95369e-06 -7.1622e-08)
(0.909898 4.54126e-08 -8.64e-08)
(0.909919 -1.9994e-06 -7.05799e-08)
(0.909958 -3.23022e-06 -2.33237e-08)
(0.910001 -3.22475e-06 3.54112e-08)
(0.910032 -1.98903e-06 7.89277e-08)
(0.91004 -1.98604e-08 8.69312e-08)
(0.910025 2.04615e-06 6.34592e-08)
(0.991629 4.69892e-06 3.48997e-08)
(0.991603 4.55405e-06 -2.83605e-08)
(0.991592 2.60698e-06 -8.25579e-08)
(0.991603 -3.42059e-07 -1.09235e-07)
(0.991629 -3.19442e-06 -9.41845e-08)
(0.991661 -4.70263e-06 -4.05062e-08)
(0.991685 -4.42103e-06 3.13744e-08)
(0.991694 -2.52063e-06 8.99383e-08)
(0.991684 2.45732e-07 1.11113e-07)
(0.99166 3.05053e-06 8.77401e-08)
(1.04765 5.63104e-06 5.11681e-08)
(1.04764 4.91785e-06 -2.59232e-08)
(1.04765 2.2192e-06 -9.44678e-08)
(1.04767 -1.36045e-06 -1.30776e-07)
(1.04769 -4.34722e-06 -1.17345e-07)
(1.04771 -5.615e-06 -5.68561e-08)
(1.04772 -4.74899e-06 2.82891e-08)
(1.04771 -2.12854e-06 1.01476e-07)
(1.04769 1.25041e-06 1.33046e-07)
(1.04767 4.18012e-06 1.11471e-07)
(1.08912 5.84864e-06 6.53833e-08)
(1.08913 4.58401e-06 -2.53761e-08)
(1.08915 1.46173e-06 -1.07376e-07)
(1.08917 -2.24601e-06 -1.5213e-07)
(1.08918 -5.01869e-06 -1.3908e-07)
(1.08919 -5.81351e-06 -7.08665e-08)
(1.08918 -4.40052e-06 2.73644e-08)
(1.08916 -1.37904e-06 1.14159e-07)
(1.08914 2.11481e-06 1.54526e-07)
(1.08913 4.84745e-06 1.33684e-07)
(1.12033 5.39763e-06 7.64574e-08)
(1.12036 3.7632e-06 -2.70978e-08)
(1.12038 5.96037e-07 -1.21095e-07)
(1.12039 -2.81112e-06 -1.72263e-07)
(1.12039 -5.07538e-06 -1.58016e-07)
(1.12038 -5.34598e-06 -8.15922e-08)
(1.12036 -3.59349e-06 2.88179e-08)
(1.12034 -5.36013e-07 1.27161e-07)
(1.12032 2.67665e-06 1.74499e-07)
(1.12032 4.92828e-06 1.53033e-07)
(1.14293 4.35812e-06 8.3855e-08)
(1.14296 2.69437e-06 -3.05986e-08)
(1.14298 -7.08382e-08 -1.34079e-07)
(1.14298 -2.80816e-06 -1.89402e-07)
(1.14296 -4.41913e-06 -1.72864e-07)
(1.14293 -4.30215e-06 -8.86585e-08)
(1.1429 -2.56055e-06 3.2082e-08)
(1.14288 1.04091e-07 1.39603e-07)
(1.14288 2.69231e-06 1.91487e-07)
(1.1429 4.31281e-06 1.68232e-07)
(1.15751 2.8342e-06 8.78431e-08)
(1.15754 1.57907e-06 -3.45209e-08)
(1.15756 -3.23687e-07 -1.44245e-07)
(1.15754 -2.09448e-06 -2.01805e-07)
(1.15751 -3.03282e-06 -1.82764e-07)
(1.15747 -2.7908e-06 -9.24128e-08)
(1.15743 -1.49592e-06 3.58342e-08)
(1.15742 3.36477e-07 1.49414e-07)
(1.15743 2.01676e-06 2.03775e-07)
(1.15746 2.97128e-06 1.78392e-07)
(1.16455 9.86917e-07 8.93925e-08)
(1.16459 5.19694e-07 -3.70258e-08)
(1.1646 -1.61305e-07 -1.49811e-07)
(1.16458 -7.76518e-07 -2.08241e-07)
(1.16453 -1.08439e-06 -1.87587e-07)
(1.16448 -9.71048e-07 -9.38482e-08)
(1.16445 -4.91501e-07 3.83685e-08)
(1.16444 1.64805e-07 1.54839e-07)
(1.16446 7.4919e-07 2.10155e-07)
(1.1645 1.06367e-06 1.83344e-07)
(1.16455 -9.71812e-07 8.94038e-08)
(1.16459 -5.02197e-07 -3.70288e-08)
(1.1646 1.73312e-07 -1.49818e-07)
(1.16458 7.76563e-07 -2.08251e-07)
(1.16453 1.07304e-06 -1.876e-07)
(1.16448 9.54107e-07 -9.38568e-08)
(1.16445 4.75822e-07 3.8363e-08)
(1.16444 -1.73584e-07 1.54841e-07)
(1.16446 -7.49448e-07 2.10162e-07)
(1.1645 -1.0557e-06 1.83356e-07)
(1.15751 -2.824e-06 8.78815e-08)
(1.15754 -1.56462e-06 -3.45072e-08)
(1.15756 3.35598e-07 -1.44258e-07)
(1.15754 2.09748e-06 -2.01834e-07)
(1.15751 3.02623e-06 -1.82802e-07)
(1.15747 2.77863e-06 -9.24331e-08)
(1.15743 1.48322e-06 3.58194e-08)
(1.15742 -3.45154e-07 1.49407e-07)
(1.15743 -2.01988e-06 2.03791e-07)
(1.15746 -2.96814e-06 1.78421e-07)
(1.14293 -4.35557e-06 8.3916e-08)
(1.14296 -2.68438e-06 -3.05108e-08)
(1.14298 8.2847e-08 -1.34062e-07)
(1.14298 2.8156e-06 -1.89431e-07)
(1.14296 4.4198e-06 -1.72918e-07)
(1.14293 4.29732e-06 -8.86978e-08)
(1.1429 2.55279e-06 3.20748e-08)
(1.14288 -1.12607e-07 1.3958e-07)
(1.14288 -2.69959e-06 1.91495e-07)
(1.1429 -4.31697e-06 1.6827e-07)
(1.12033 -5.40245e-06 7.65464e-08)
(1.12036 -3.75821e-06 -2.69711e-08)
(1.12038 -5.84616e-07 -1.211e-07)
(1.12039 2.82251e-06 -1.72279e-07)
(1.12039 5.08288e-06 -1.58074e-07)
(1.12038 5.34825e-06 -8.16489e-08)
(1.12036 3.5905e-06 2.87865e-08)
(1.12033 5.28137e-07 1.27102e-07)
(1.12032 -2.68743e-06 1.74474e-07)
(1.12032 -4.93908e-06 1.53071e-07)
(1.08912 -5.85874e-06 6.55004e-08)
(1.08913 -4.58344e-06 -2.52171e-08)
(1.08915 -1.45297e-06 -1.07402e-07)
(1.08917 2.25911e-06 -1.52136e-07)
(1.08918 5.03063e-06 -1.39133e-07)
(1.08919 5.8209e-06 -7.0936e-08)
(1.08918 4.40136e-06 2.72926e-08)
(1.08916 1.37254e-06 1.14222e-07)
(1.08914 -2.12715e-06 1.54484e-07)
(1.08913 -4.86224e-06 1.33714e-07)
(1.04765 -5.6437e-06 5.13103e-08)
(1.04764 -4.92052e-06 -2.57238e-08)
(1.04765 -2.21317e-06 -9.43475e-08)
(1.04767 1.37323e-06 -1.30723e-07)
(1.04769 4.3607e-06 -1.17389e-07)
(1.04771 5.62498e-06 -5.69371e-08)
(1.04772 4.75243e-06 2.81864e-08)
(1.04771 2.12409e-06 1.0144e-07)
(1.04769 -1.26214e-06 1.32943e-07)
(1.04767 -4.19581e-06 1.11496e-07)
(0.991629 -4.71128e-06 3.50621e-08)
(0.991603 -4.55842e-06 -2.81295e-08)
(0.991592 -2.60251e-06 -8.24661e-08)
(0.991603 3.54327e-07 -1.09191e-07)
(0.991629 3.20695e-06 -9.42129e-08)
(0.991661 4.7127e-06 -4.05882e-08)
(0.991686 4.42563e-06 3.12335e-08)
(0.991694 2.51838e-06 8.98485e-08)
(0.991684 -2.56816e-07 1.10979e-07)
(0.99166 -3.06452e-06 8.77616e-08)
(0.909989 -3.23941e-06 1.84309e-08)
(0.909943 -3.18935e-06 -3.12048e-08)
(0.909908 -1.95051e-06 -7.1529e-08)
(0.909898 -3.68385e-08 -8.64546e-08)
(0.909919 2.00823e-06 -7.05963e-08)
(0.909958 3.23749e-06 -2.34028e-08)
(0.910001 3.2281e-06 3.52429e-08)
(0.910032 1.98703e-06 7.87929e-08)
(0.91004 1.13533e-08 8.68722e-08)
(0.910025 -2.05581e-06 6.34903e-08)
(0.76329 -1.30539e-06 5.27752e-09)
(0.763235 -1.44739e-06 -2.99925e-08)
(0.763191 -1.05094e-06 -5.72102e-08)
(0.763172 -3.33933e-07 -6.43314e-08)
(0.763183 5.6667e-07 -4.73432e-08)
(0.763224 1.30383e-06 -8.28866e-09)
(0.763279 1.52729e-06 3.52749e-08)
(0.763327 1.1076e-06 6.30512e-08)
(0.763347 2.39747e-07 6.25777e-08)
(0.763332 -6.71216e-07 4.02886e-08)
(0.763289 1.31261e-06 -7.20611e-10)
(0.763235 1.44649e-06 -1.57164e-08)
(0.76319 1.04266e-06 -2.62588e-08)
(0.763171 3.21582e-07 -2.75652e-08)
(0.763184 -5.81484e-07 -1.88343e-08)
(0.763225 -1.31348e-06 -8.62186e-10)
(0.76328 -1.5268e-06 1.85148e-08)
(0.763328 -1.09622e-06 2.92331e-08)
(0.763348 -2.27805e-07 2.68089e-08)
(0.763332 6.84045e-07 1.51294e-08)
(0.909988 3.24918e-06 5.43899e-09)
(0.909943 3.17976e-06 -1.71789e-08)
(0.909908 1.926e-06 -3.43894e-08)
(0.909898 -2.05168e-09 -3.93626e-08)
(0.909919 -2.03806e-06 -3.06454e-08)
(0.909959 -3.24999e-06 -8.03928e-09)
(0.910002 -3.21823e-06 1.93669e-08)
(0.910032 -1.95892e-06 3.82223e-08)
(0.91004 2.87308e-08 3.95902e-08)
(0.910025 2.08323e-06 2.69006e-08)
(0.991628 4.72305e-06 1.4039e-08)
(0.991602 4.54096e-06 -1.63793e-08)
(0.991592 2.56215e-06 -4.132e-08)
(0.991603 -4.10729e-07 -5.2469e-08)
(0.99163 -3.24636e-06 -4.36193e-08)
(0.991661 -4.72445e-06 -1.68762e-08)
(0.991686 -4.40596e-06 1.8126e-08)
(0.991694 -2.47684e-06 4.52256e-08)
(0.991684 3.13327e-07 5.34519e-08)
(0.991659 3.10215e-06 4.02371e-08)
(1.04765 5.6479e-06 2.2617e-08)
(1.04764 4.89035e-06 -1.60261e-08)
(1.04765 2.1576e-06 -4.90993e-08)
(1.04767 -1.43218e-06 -6.53322e-08)
(1.04769 -4.39993e-06 -5.67491e-08)
(1.04771 -5.62887e-06 -2.54642e-08)
(1.04772 -4.71949e-06 1.74826e-08)
(1.04771 -2.0664e-06 5.2878e-08)
(1.04769 1.31946e-06 6.65217e-08)
(1.04767 4.23271e-06 5.3664e-08)
(1.08912 5.85404e-06 3.01308e-08)
(1.08913 4.54403e-06 -1.67739e-08)
(1.08915 1.3915e-06 -5.77206e-08)
(1.08917 -2.31852e-06 -7.83269e-08)
(1.08918 -5.06478e-06 -6.92512e-08)
(1.08919 -5.81564e-06 -3.28351e-08)
(1.08918 -4.35865e-06 1.80443e-08)
(1.08916 -1.31032e-06 6.1503e-08)
(1.08914 2.18456e-06 7.95963e-08)
(1.08913 4.89401e-06 6.6419e-08)
(1.12033 5.39165e-06 3.59185e-08)
(1.12036 3.71591e-06 -1.87715e-08)
(1.12038 5.25408e-07 -6.66245e-08)
(1.12039 -2.87629e-06 -9.05979e-08)
(1.12039 -5.10998e-06 -8.02124e-08)
(1.12038 -5.33705e-06 -3.8416e-08)
(1.12036 -3.54534e-06 1.99521e-08)
(1.12033 -4.69745e-07 6.99444e-08)
(1.12032 2.73918e-06 9.17557e-08)
(1.12032 4.96382e-06 7.76076e-08)
(1.14293 4.34515e-06 3.96703e-08)
(1.14296 2.64823e-06 -2.16658e-08)
(1.14298 -1.31903e-07 -7.50136e-08)
(1.14298 -2.85939e-06 -1.01062e-07)
(1.14296 -4.44119e-06 -8.88149e-08)
(1.14293 -4.28696e-06 -4.19715e-08)
(1.1429 -2.51538e-06 2.27059e-08)
(1.14288 1.62092e-07 7.80015e-08)
(1.14288 2.742e-06 1.02137e-07)
(1.1429 4.33599e-06 8.64072e-08)
(1.15751 2.82165e-06 4.15812e-08)
(1.15754 1.54564e-06 -2.45996e-08)
(1.15756 -3.64575e-07 -8.15344e-08)
(1.15754 -2.12702e-06 -1.0862e-07)
(1.15751 -3.04424e-06 -9.45317e-08)
(1.15747 -2.77705e-06 -4.37367e-08)
(1.15743 -1.46248e-06 2.54502e-08)
(1.15742 3.76156e-07 8.42857e-08)
(1.15743 2.04852e-06 1.09634e-07)
(1.15747 2.98354e-06 9.22742e-08)
(1.16455 9.8179e-07 4.22585e-08)
(1.16459 5.07673e-07 -2.63606e-08)
(1.1646 -1.75733e-07 -8.50655e-08)
(1.16458 -7.87667e-07 -1.12533e-07)
(1.16453 -1.08783e-06 -9.73052e-08)
(1.16448 -9.65604e-07 -4.43563e-08)
(1.16445 -4.78705e-07 2.72788e-08)
(1.16444 1.79078e-07 8.77702e-08)
(1.16446 7.60134e-07 1.13521e-07)
(1.1645 1.06739e-06 9.51197e-08)
(1.16455 -9.66655e-07 4.22714e-08)
(1.16459 -4.90071e-07 -2.63671e-08)
(1.1646 1.87535e-07 -8.50873e-08)
(1.16458 7.8762e-07 -1.12549e-07)
(1.16453 1.07638e-06 -9.73178e-08)
(1.16448 9.4866e-07 -4.43575e-08)
(1.16445 4.63295e-07 2.72872e-08)
(1.16444 -1.87871e-07 8.77775e-08)
(1.16446 -7.60261e-07 1.13532e-07)
(1.1645 -1.05935e-06 9.5128e-08)
(1.15751 -2.81146e-06 4.1606e-08)
(1.15754 -1.5306e-06 -2.45619e-08)
(1.15756 3.76533e-07 -8.15674e-08)
(1.15754 2.13001e-06 -1.08666e-07)
(1.15751 3.03755e-06 -9.45715e-08)
(1.15747 2.76484e-06 -4.37448e-08)
(1.15743 1.4501e-06 2.5494e-08)
(1.15742 -3.84882e-07 8.43123e-08)
(1.15743 -2.05155e-06 1.09665e-07)
(1.15747 -2.98036e-06 9.2299e-08)
(1.14293 -4.3426e-06 3.9721e-08)
(1.14296 -2.63795e-06 -2.15863e-08)
(1.14298 1.43462e-07 -7.50575e-08)
(1.14298 2.86688e-06 -1.01131e-07)
(1.14296 4.44182e-06 -8.88799e-08)
(1.14293 4.28205e-06 -4.19938e-08)
(1.1429 2.50767e-06 2.27604e-08)
(1.14288 -1.70625e-07 7.80252e-08)
(1.14288 -2.74934e-06 1.02177e-07)
(1.1429 -4.34014e-06 8.64475e-08)
(1.12033 -5.39641e-06 3.59911e-08)
(1.12036 -3.71094e-06 -1.86827e-08)
(1.12038 -5.14784e-07 -6.67274e-08)
(1.12039 2.88761e-06 -9.06828e-08)
(1.12039 5.11747e-06 -8.0295e-08)
(1.12038 5.33925e-06 -3.84538e-08)
(1.12036 3.54219e-06 1.99946e-08)
(1.12033 4.63166e-07 6.99707e-08)
(1.12032 -2.74994e-06 9.17861e-08)
(1.12032 -4.97465e-06 7.76616e-08)
(1.08912 -5.86406e-06 3.023e-08)
(1.08913 -4.54329e-06 -1.66722e-08)
(1.08915 -1.38123e-06 -5.78791e-08)
(1.08917 2.33195e-06 -7.84388e-08)
(1.08919 5.07668e-06 -6.93407e-08)
(1.08919 5.82292e-06 -3.28816e-08)
(1.08918 4.35932e-06 1.80638e-08)
(1.08916 1.30487e-06 6.16365e-08)
(1.08914 -2.19691e-06 7.96216e-08)
(1.08913 -4.90884e-06 6.64794e-08)
(1.04765 -5.66047e-06 2.27337e-08)
(1.04764 -4.89268e-06 -1.59074e-08)
(1.04765 -2.14915e-06 -4.9065e-08)
(1.04767 1.44538e-06 -6.54032e-08)
(1.04769 4.41334e-06 -5.68337e-08)
(1.04771 5.63874e-06 -2.55117e-08)
(1.04772 4.72278e-06 1.74846e-08)
(1.04771 2.0613e-06 5.29644e-08)
(1.04769 -1.33138e-06 6.6511e-08)
(1.04767 -4.24842e-06 5.37281e-08)
(0.991628 -4.7353e-06 1.41567e-08)
(0.991602 -4.54516e-06 -1.62738e-08)
(0.991592 -2.55725e-06 -4.12711e-08)
(0.991603 4.22744e-07 -5.25494e-08)
(0.99163 3.25884e-06 -4.368e-08)
(0.991662 4.73443e-06 -1.69066e-08)
(0.991686 4.4104e-06 1.8107e-08)
(0.991694 2.47398e-06 4.52281e-08)
(0.991684 -3.24139e-07 5.33981e-08)
(0.991659 -3.11613e-06 4.03045e-08)
(0.909988 -3.25735e-06 5.52679e-09)
(0.909943 -3.18255e-06 -1.71454e-08)
(0.909907 -1.92283e-06 -3.4393e-08)
(0.909898 1.04872e-08 -3.9472e-08)
(0.909919 2.04687e-06 -3.06642e-08)
(0.909959 3.25715e-06 -8.04488e-09)
(0.910002 3.22147e-06 1.93308e-08)
(0.910032 1.95669e-06 3.81684e-08)
(0.91004 -3.68332e-08 3.95489e-08)
(0.910025 -2.09286e-06 2.69782e-08)
(0.763289 -1.31661e-06 -7.1272e-10)
(0.763234 -1.44826e-06 -1.58114e-08)
(0.76319 -1.04159e-06 -2.63408e-08)
(0.763171 -3.18686e-07 -2.76353e-08)
(0.763184 5.8566e-07 -1.88013e-08)
(0.763225 1.31744e-06 -8.44296e-10)
(0.76328 1.52899e-06 1.84588e-08)
(0.763328 1.09544e-06 2.91417e-08)
(0.763348 2.2479e-07 2.67639e-08)
(0.763332 -6.88357e-07 1.52319e-08)
)
;

boundaryField
{
    bottomWall
    {
        type            fixedValue;
        value           uniform (0 0 0);
    }
    topWall
    {
        type            fixedValue;
        value           uniform (0 0 0);
    }
    sides1_half0
    {
        type            cyclic;
    }
    sides1_half1
    {
        type            cyclic;
    }
    inout1_half0
    {
        type            cyclic;
    }
    inout1_half1
    {
        type            cyclic;
    }
}


// ************************************************************************* //
