/*--------------------------------*- C++ -*----------------------------------*\
| =========                 |                                                 |
| \\      /  F ield         | OpenFOAM: The Open Source CFD Toolbox           |
|  \\    /   O peration     | Version:  2.4.0                                 |
|   \\  /    A nd           | Web:      www.OpenFOAM.org                      |
|    \\/     M anipulation  |                                                 |
\*---------------------------------------------------------------------------*/
FoamFile
{
    version     2.0;
    format      ascii;
    class       volScalarField;
    location    "600";
    object      p;
}
// * * * * * * * * * * * * * * * * * * * * * * * * * * * * * * * * * * * * * //

dimensions      [0 2 -2 0 0 0 0];

internalField   nonuniform List<scalar> 
6000
(
1.3163e-07
1.26692e-08
-9.96344e-08
-1.63223e-07
-1.52555e-07
-7.49711e-08
4.31376e-08
1.51763e-07
2.1221e-07
2.08555e-07
1.31367e-07
1.24415e-08
-9.97144e-08
-1.63145e-07
-1.52355e-07
-7.47169e-08
4.33776e-08
1.51855e-07
2.12138e-07
2.08346e-07
1.3118e-07
1.21908e-08
-9.99215e-08
-1.6323e-07
-1.52305e-07
-7.4556e-08
4.36058e-08
1.52091e-07
2.12243e-07
2.08289e-07
1.31044e-07
1.19303e-08
-1.0019e-07
-1.6341e-07
-1.52346e-07
-7.44529e-08
4.38419e-08
1.52393e-07
2.12448e-07
2.08326e-07
1.30922e-07
1.16587e-08
-1.00484e-07
-1.63625e-07
-1.52418e-07
-7.43628e-08
4.40904e-08
1.52721e-07
2.12688e-07
2.08395e-07
1.30807e-07
1.13792e-08
-1.00798e-07
-1.63864e-07
-1.52509e-07
-7.42806e-08
4.43456e-08
1.53067e-07
2.12953e-07
2.08486e-07
1.30702e-07
1.10944e-08
-1.0113e-07
-1.64128e-07
-1.52621e-07
-7.42083e-08
4.46049e-08
1.53431e-07
2.13243e-07
2.08599e-07
1.30606e-07
1.08047e-08
-1.01478e-07
-1.64414e-07
-1.52752e-07
-7.41448e-08
4.48685e-08
1.53811e-07
2.13555e-07
2.08731e-07
1.30518e-07
1.05097e-08
-1.01842e-07
-1.64719e-07
-1.529e-07
-7.40884e-08
4.51369e-08
1.54206e-07
2.13887e-07
2.08882e-07
1.30436e-07
1.02095e-08
-1.0222e-07
-1.65044e-07
-1.53063e-07
-7.40382e-08
4.54102e-08
1.54614e-07
2.14237e-07
2.09049e-07
1.30361e-07
9.90411e-09
-1.02612e-07
-1.65388e-07
-1.53241e-07
-7.39938e-08
4.56885e-08
1.55036e-07
2.14605e-07
2.09232e-07
1.30291e-07
9.59368e-09
-1.03018e-07
-1.65749e-07
-1.53434e-07
-7.3955e-08
4.59714e-08
1.55472e-07
2.1499e-07
2.09431e-07
1.30228e-07
9.27897e-09
-1.03437e-07
-1.66127e-07
-1.53641e-07
-7.39221e-08
4.62585e-08
1.55919e-07
2.15392e-07
2.09644e-07
1.30172e-07
8.96019e-09
-1.03868e-07
-1.66522e-07
-1.53862e-07
-7.38951e-08
4.65493e-08
1.56378e-07
2.15811e-07
2.09873e-07
1.30122e-07
8.6371e-09
-1.04313e-07
-1.66935e-07
-1.54098e-07
-7.38741e-08
4.68442e-08
1.5685e-07
2.16247e-07
2.10117e-07
1.30079e-07
8.31021e-09
-1.0477e-07
-1.67365e-07
-1.54348e-07
-7.38595e-08
4.71427e-08
1.57334e-07
2.16699e-07
2.10377e-07
1.30044e-07
7.98024e-09
-1.05239e-07
-1.67812e-07
-1.54612e-07
-7.38517e-08
4.7444e-08
1.57829e-07
2.17167e-07
2.10653e-07
1.30016e-07
7.64722e-09
-1.05721e-07
-1.68276e-07
-1.54892e-07
-7.38508e-08
4.77481e-08
1.58335e-07
2.17652e-07
2.10944e-07
1.29996e-07
7.31087e-09
-1.06215e-07
-1.68758e-07
-1.55186e-07
-7.38568e-08
4.80552e-08
1.58853e-07
2.18154e-07
2.11251e-07
1.29984e-07
6.9715e-09
-1.06721e-07
-1.69256e-07
-1.55495e-07
-7.38699e-08
4.8365e-08
1.59382e-07
2.18672e-07
2.11574e-07
1.29979e-07
6.62962e-09
-1.07238e-07
-1.69771e-07
-1.55819e-07
-7.38902e-08
4.86771e-08
1.59921e-07
2.19206e-07
2.11913e-07
1.29983e-07
6.28535e-09
-1.07767e-07
-1.70303e-07
-1.56157e-07
-7.39177e-08
4.89912e-08
1.60472e-07
2.19756e-07
2.12268e-07
1.29994e-07
5.93889e-09
-1.08307e-07
-1.70851e-07
-1.56509e-07
-7.39524e-08
4.93073e-08
1.61032e-07
2.20322e-07
2.12638e-07
1.30013e-07
5.59038e-09
-1.08858e-07
-1.71415e-07
-1.56875e-07
-7.39943e-08
4.96252e-08
1.61602e-07
2.20902e-07
2.13023e-07
1.3004e-07
5.2396e-09
-1.0942e-07
-1.71994e-07
-1.57255e-07
-7.4043e-08
4.9945e-08
1.62182e-07
2.21498e-07
2.13423e-07
1.30074e-07
4.88662e-09
-1.09992e-07
-1.72589e-07
-1.57648e-07
-7.40984e-08
5.02668e-08
1.62772e-07
2.22108e-07
2.13838e-07
1.30116e-07
4.53192e-09
-1.10574e-07
-1.73198e-07
-1.58055e-07
-7.41605e-08
5.05901e-08
1.6337e-07
2.22732e-07
2.14267e-07
1.30165e-07
4.17527e-09
-1.11166e-07
-1.73822e-07
-1.58474e-07
-7.42289e-08
5.0915e-08
1.63978e-07
2.23369e-07
2.14709e-07
1.3022e-07
3.81552e-09
-1.11769e-07
-1.7446e-07
-1.58904e-07
-7.43023e-08
5.12428e-08
1.64595e-07
2.2402e-07
2.15164e-07
1.3028e-07
3.45247e-09
-1.12382e-07
-1.75111e-07
-1.59346e-07
-7.43804e-08
5.15737e-08
1.65221e-07
2.24685e-07
2.15632e-07
1.30347e-07
3.08757e-09
-1.13005e-07
-1.75777e-07
-1.59799e-07
-7.4464e-08
5.19063e-08
1.65856e-07
2.25361e-07
2.16113e-07
1.3042e-07
2.72115e-09
-1.13636e-07
-1.76454e-07
-1.60262e-07
-7.45529e-08
5.22402e-08
1.66497e-07
2.26049e-07
2.16605e-07
1.30497e-07
2.35163e-09
-1.14276e-07
-1.77143e-07
-1.60735e-07
-7.46453e-08
5.2577e-08
1.67147e-07
2.26748e-07
2.17107e-07
1.30578e-07
1.97852e-09
-1.14925e-07
-1.77844e-07
-1.61216e-07
-7.47404e-08
5.29172e-08
1.67805e-07
2.27458e-07
2.17619e-07
1.30663e-07
1.60279e-09
-1.15582e-07
-1.78555e-07
-1.61705e-07
-7.48388e-08
5.32599e-08
1.6847e-07
2.28177e-07
2.1814e-07
1.30752e-07
1.22493e-09
-1.16247e-07
-1.79277e-07
-1.62203e-07
-7.49404e-08
5.36047e-08
1.69142e-07
2.28906e-07
2.18671e-07
1.30845e-07
8.4462e-10
-1.16919e-07
-1.80008e-07
-1.62707e-07
-7.50446e-08
5.39517e-08
1.6982e-07
2.29643e-07
2.1921e-07
1.3094e-07
4.61823e-10
-1.17598e-07
-1.80748e-07
-1.63218e-07
-7.51508e-08
5.43011e-08
1.70503e-07
2.30388e-07
2.19756e-07
1.31039e-07
7.70736e-11
-1.18283e-07
-1.81495e-07
-1.63735e-07
-7.52591e-08
5.46523e-08
1.71191e-07
2.3114e-07
2.20308e-07
1.31141e-07
-3.09337e-10
-1.18974e-07
-1.8225e-07
-1.64256e-07
-7.53693e-08
5.50051e-08
1.71884e-07
2.31898e-07
2.20868e-07
1.31245e-07
-6.97174e-10
-1.19669e-07
-1.83011e-07
-1.64783e-07
-7.54812e-08
5.53591e-08
1.72581e-07
2.32662e-07
2.21432e-07
1.31352e-07
-1.08594e-09
-1.20368e-07
-1.83778e-07
-1.65313e-07
-7.55948e-08
5.57139e-08
1.7328e-07
2.3343e-07
2.22002e-07
1.31461e-07
-1.47555e-09
-1.2107e-07
-1.84549e-07
-1.65847e-07
-7.57095e-08
5.60694e-08
1.73982e-07
2.34202e-07
2.22576e-07
1.31572e-07
-1.86573e-09
-1.21776e-07
-1.85324e-07
-1.66383e-07
-7.58251e-08
5.64254e-08
1.74685e-07
2.34976e-07
2.23153e-07
1.31686e-07
-2.25511e-09
-1.22482e-07
-1.86101e-07
-1.66922e-07
-7.59425e-08
5.67804e-08
1.75389e-07
2.35753e-07
2.23734e-07
1.31804e-07
-2.64227e-09
-1.23189e-07
-1.86882e-07
-1.67464e-07
-7.60628e-08
5.71332e-08
1.76092e-07
2.36531e-07
2.24319e-07
1.31926e-07
-3.02664e-09
-1.23895e-07
-1.87664e-07
-1.68008e-07
-7.61859e-08
5.74832e-08
1.76793e-07
2.3731e-07
2.24907e-07
1.32051e-07
-3.40766e-09
-1.246e-07
-1.88446e-07
-1.68554e-07
-7.63118e-08
5.78298e-08
1.77492e-07
2.38089e-07
2.25498e-07
1.32181e-07
-3.7841e-09
-1.25302e-07
-1.8923e-07
-1.69103e-07
-7.64416e-08
5.8172e-08
1.78187e-07
2.38867e-07
2.26091e-07
1.32317e-07
-4.15525e-09
-1.26001e-07
-1.90013e-07
-1.69654e-07
-7.65759e-08
5.85089e-08
1.78879e-07
2.39645e-07
2.26688e-07
1.32457e-07
-4.52124e-09
-1.26696e-07
-1.90796e-07
-1.70206e-07
-7.67135e-08
5.88408e-08
1.79566e-07
2.40421e-07
2.27287e-07
1.32601e-07
-4.88255e-09
-1.27388e-07
-1.91576e-07
-1.70758e-07
-7.68534e-08
5.91683e-08
1.80248e-07
2.41193e-07
2.27886e-07
1.32746e-07
-5.24011e-09
-1.28075e-07
-1.92354e-07
-1.71309e-07
-7.6994e-08
5.94922e-08
1.80925e-07
2.41962e-07
2.28484e-07
1.32889e-07
-5.59634e-09
-1.28759e-07
-1.93126e-07
-1.71854e-07
-7.71316e-08
5.98149e-08
1.81597e-07
2.42725e-07
2.29078e-07
1.33024e-07
-5.95622e-09
-1.29439e-07
-1.93889e-07
-1.72387e-07
-7.72595e-08
6.0141e-08
1.82266e-07
2.43478e-07
2.2966e-07
1.33144e-07
-6.32314e-09
-1.30117e-07
-1.9464e-07
-1.72903e-07
-7.73721e-08
6.04736e-08
1.8293e-07
2.44218e-07
2.30225e-07
1.33253e-07
-6.69167e-09
-1.30785e-07
-1.95374e-07
-1.73399e-07
-7.74713e-08
6.0808e-08
1.83584e-07
2.44941e-07
2.30773e-07
1.33319e-07
-7.07508e-09
-1.31438e-07
-1.96069e-07
-1.73845e-07
-7.75277e-08
6.11584e-08
1.8422e-07
2.45628e-07
2.31269e-07
1.33137e-07
-7.5997e-09
-1.32084e-07
-1.966e-07
-1.7405e-07
-7.73562e-08
6.16397e-08
1.84846e-07
2.46175e-07
2.31523e-07
1.32493e-07
-8.37966e-09
-1.32628e-07
-1.9675e-07
-1.73783e-07
-7.67762e-08
6.23368e-08
1.85435e-07
2.46389e-07
2.31295e-07
1.31811e-07
1.30246e-08
-9.91661e-08
-1.62082e-07
-1.52318e-07
-7.66611e-08
4.23212e-08
1.52909e-07
2.12153e-07
2.07648e-07
1.31535e-07
1.27868e-08
-9.9253e-08
-1.62019e-07
-1.52105e-07
-7.63678e-08
4.25468e-08
1.52979e-07
2.12089e-07
2.0745e-07
1.31339e-07
1.25333e-08
-9.94649e-08
-1.62127e-07
-1.52062e-07
-7.61715e-08
4.27983e-08
1.53186e-07
2.12198e-07
2.07412e-07
1.312e-07
1.22712e-08
-9.97363e-08
-1.62333e-07
-1.5212e-07
-7.60352e-08
4.30591e-08
1.53459e-07
2.12405e-07
2.07473e-07
1.31073e-07
1.19982e-08
-1.00033e-07
-1.62575e-07
-1.5221e-07
-7.59123e-08
4.33296e-08
1.53758e-07
2.12648e-07
2.07565e-07
1.30955e-07
1.17179e-08
-1.00349e-07
-1.62842e-07
-1.5232e-07
-7.5798e-08
4.36066e-08
1.54076e-07
2.12916e-07
2.07679e-07
1.30847e-07
1.14331e-08
-1.00683e-07
-1.63132e-07
-1.52452e-07
-7.56946e-08
4.38877e-08
1.54413e-07
2.13209e-07
2.07815e-07
1.30749e-07
1.1144e-08
-1.01033e-07
-1.63446e-07
-1.52603e-07
-7.5601e-08
4.4173e-08
1.54766e-07
2.13524e-07
2.07971e-07
1.30658e-07
1.08501e-08
-1.01397e-07
-1.63779e-07
-1.52772e-07
-7.55154e-08
4.44628e-08
1.55134e-07
2.13858e-07
2.08145e-07
1.30574e-07
1.05517e-08
-1.01776e-07
-1.6413e-07
-1.52956e-07
-7.54369e-08
4.47572e-08
1.55517e-07
2.14211e-07
2.08334e-07
1.30496e-07
1.02484e-08
-1.02168e-07
-1.645e-07
-1.53156e-07
-7.53651e-08
4.50562e-08
1.55914e-07
2.14583e-07
2.08539e-07
1.30425e-07
9.94074e-09
-1.02574e-07
-1.64888e-07
-1.5337e-07
-7.52999e-08
4.53596e-08
1.56325e-07
2.14971e-07
2.0876e-07
1.3036e-07
9.62927e-09
-1.02992e-07
-1.65292e-07
-1.53599e-07
-7.52415e-08
4.56667e-08
1.56749e-07
2.15377e-07
2.08995e-07
1.30302e-07
9.31421e-09
-1.03423e-07
-1.65713e-07
-1.53842e-07
-7.519e-08
4.59774e-08
1.57185e-07
2.15799e-07
2.09244e-07
1.30251e-07
8.99531e-09
-1.03867e-07
-1.66151e-07
-1.541e-07
-7.51456e-08
4.62919e-08
1.57635e-07
2.16238e-07
2.09509e-07
1.30207e-07
8.67308e-09
-1.04323e-07
-1.66607e-07
-1.54372e-07
-7.51085e-08
4.66097e-08
1.58097e-07
2.16694e-07
2.09789e-07
1.3017e-07
8.34826e-09
-1.04791e-07
-1.67079e-07
-1.5466e-07
-7.50791e-08
4.69301e-08
1.58571e-07
2.17166e-07
2.10084e-07
1.30141e-07
8.02085e-09
-1.0527e-07
-1.67567e-07
-1.54962e-07
-7.50577e-08
4.7253e-08
1.59057e-07
2.17654e-07
2.10395e-07
1.3012e-07
7.69061e-09
-1.05762e-07
-1.68073e-07
-1.55279e-07
-7.50441e-08
4.75788e-08
1.59556e-07
2.1816e-07
2.10721e-07
1.30106e-07
7.35786e-09
-1.06265e-07
-1.68596e-07
-1.55612e-07
-7.50386e-08
4.79071e-08
1.60067e-07
2.18681e-07
2.11062e-07
1.30101e-07
7.02312e-09
-1.0678e-07
-1.69135e-07
-1.55959e-07
-7.50414e-08
4.82375e-08
1.60589e-07
2.19219e-07
2.11419e-07
1.30104e-07
6.68655e-09
-1.07306e-07
-1.6969e-07
-1.56322e-07
-7.50524e-08
4.85698e-08
1.61122e-07
2.19773e-07
2.11791e-07
1.30115e-07
6.34838e-09
-1.07842e-07
-1.70261e-07
-1.56698e-07
-7.50717e-08
4.89037e-08
1.61666e-07
2.20343e-07
2.12178e-07
1.30134e-07
6.00877e-09
-1.08389e-07
-1.70847e-07
-1.5709e-07
-7.50992e-08
4.92392e-08
1.62221e-07
2.20927e-07
2.12579e-07
1.3016e-07
5.66754e-09
-1.08946e-07
-1.71449e-07
-1.57495e-07
-7.51346e-08
4.95765e-08
1.62786e-07
2.21526e-07
2.12995e-07
1.30194e-07
5.32479e-09
-1.09513e-07
-1.72066e-07
-1.57914e-07
-7.51777e-08
4.99155e-08
1.63362e-07
2.2214e-07
2.13425e-07
1.30236e-07
4.98103e-09
-1.1009e-07
-1.72698e-07
-1.58346e-07
-7.52287e-08
5.02557e-08
1.63948e-07
2.22768e-07
2.13869e-07
1.30285e-07
4.63608e-09
-1.10677e-07
-1.73343e-07
-1.58791e-07
-7.52871e-08
5.05974e-08
1.64543e-07
2.2341e-07
2.14326e-07
1.3034e-07
4.28886e-09
-1.11273e-07
-1.74002e-07
-1.59248e-07
-7.53517e-08
5.09416e-08
1.65148e-07
2.24065e-07
2.14796e-07
1.30401e-07
3.93925e-09
-1.11879e-07
-1.74675e-07
-1.59717e-07
-7.54221e-08
5.12885e-08
1.65763e-07
2.24733e-07
2.15277e-07
1.30469e-07
3.5887e-09
-1.12494e-07
-1.75361e-07
-1.60197e-07
-7.54992e-08
5.16369e-08
1.66388e-07
2.25413e-07
2.15771e-07
1.30542e-07
3.23752e-09
-1.13116e-07
-1.76059e-07
-1.60688e-07
-7.55827e-08
5.19862e-08
1.6702e-07
2.26105e-07
2.16275e-07
1.30621e-07
2.88426e-09
-1.13748e-07
-1.76768e-07
-1.61189e-07
-7.5671e-08
5.23382e-08
1.6766e-07
2.26808e-07
2.1679e-07
1.30703e-07
2.52851e-09
-1.14388e-07
-1.77488e-07
-1.61698e-07
-7.57632e-08
5.26932e-08
1.6831e-07
2.27521e-07
2.17314e-07
1.30789e-07
2.17125e-09
-1.15035e-07
-1.78219e-07
-1.62216e-07
-7.58598e-08
5.30503e-08
1.68967e-07
2.28244e-07
2.17847e-07
1.3088e-07
1.813e-09
-1.1569e-07
-1.78959e-07
-1.62743e-07
-7.59609e-08
5.34091e-08
1.69631e-07
2.28976e-07
2.18389e-07
1.30975e-07
1.4535e-09
-1.16351e-07
-1.79708e-07
-1.63277e-07
-7.60656e-08
5.37699e-08
1.70302e-07
2.29717e-07
2.18938e-07
1.31073e-07
1.09285e-09
-1.17018e-07
-1.80466e-07
-1.63817e-07
-7.61735e-08
5.41327e-08
1.70979e-07
2.30465e-07
2.19494e-07
1.31174e-07
7.31594e-10
-1.17691e-07
-1.81232e-07
-1.64364e-07
-7.62847e-08
5.4497e-08
1.71662e-07
2.31221e-07
2.20057e-07
1.31278e-07
3.67954e-10
-1.18369e-07
-1.82004e-07
-1.64916e-07
-7.63989e-08
5.48626e-08
1.7235e-07
2.31982e-07
2.20626e-07
1.31385e-07
-1.06354e-14
-1.19051e-07
-1.82782e-07
-1.65473e-07
-7.65159e-08
5.5229e-08
1.73042e-07
2.32749e-07
2.212e-07
1.31495e-07
-3.72065e-10
-1.19738e-07
-1.83565e-07
-1.66035e-07
-7.66357e-08
5.5596e-08
1.73738e-07
2.33521e-07
2.21778e-07
1.31606e-07
-7.48106e-10
-1.20427e-07
-1.84352e-07
-1.666e-07
-7.67576e-08
5.59634e-08
1.74436e-07
2.34296e-07
2.2236e-07
1.3172e-07
-1.1258e-09
-1.21119e-07
-1.85143e-07
-1.67167e-07
-7.68814e-08
5.6331e-08
1.75136e-07
2.35074e-07
2.22946e-07
1.31837e-07
-1.50166e-09
-1.21811e-07
-1.85936e-07
-1.67738e-07
-7.70081e-08
5.66974e-08
1.75838e-07
2.35854e-07
2.23534e-07
1.31957e-07
-1.87418e-09
-1.22503e-07
-1.86732e-07
-1.68312e-07
-7.71387e-08
5.70612e-08
1.76539e-07
2.36636e-07
2.24126e-07
1.32082e-07
-2.24291e-09
-1.23194e-07
-1.87529e-07
-1.68889e-07
-7.72731e-08
5.74218e-08
1.77239e-07
2.37419e-07
2.24721e-07
1.3221e-07
-2.60729e-09
-1.23883e-07
-1.88325e-07
-1.69467e-07
-7.74112e-08
5.77789e-08
1.77936e-07
2.382e-07
2.25318e-07
1.32344e-07
-2.96607e-09
-1.24569e-07
-1.89123e-07
-1.70048e-07
-7.75544e-08
5.81311e-08
1.78631e-07
2.38982e-07
2.25918e-07
1.32482e-07
-3.3185e-09
-1.25251e-07
-1.8992e-07
-1.70632e-07
-7.77028e-08
5.84777e-08
1.79322e-07
2.39763e-07
2.26521e-07
1.32626e-07
-3.66476e-09
-1.25929e-07
-1.90715e-07
-1.71218e-07
-7.78556e-08
5.88189e-08
1.80009e-07
2.40542e-07
2.27125e-07
1.32772e-07
-4.00535e-09
-1.26603e-07
-1.91508e-07
-1.71803e-07
-7.80117e-08
5.91553e-08
1.80692e-07
2.41317e-07
2.27729e-07
1.32921e-07
-4.34125e-09
-1.27272e-07
-1.92298e-07
-1.72386e-07
-7.81694e-08
5.94878e-08
1.8137e-07
2.42089e-07
2.28332e-07
1.33068e-07
-4.67495e-09
-1.27937e-07
-1.93082e-07
-1.72965e-07
-7.8325e-08
5.98188e-08
1.82043e-07
2.42855e-07
2.2893e-07
1.33205e-07
-5.01157e-09
-1.286e-07
-1.93857e-07
-1.73531e-07
-7.84714e-08
6.01531e-08
1.82713e-07
2.43612e-07
2.29517e-07
1.33329e-07
-5.35454e-09
-1.29259e-07
-1.94619e-07
-1.7408e-07
-7.86033e-08
6.04938e-08
1.8338e-07
2.44355e-07
2.30086e-07
1.33441e-07
-5.69847e-09
-1.2991e-07
-1.95365e-07
-1.74609e-07
-7.87223e-08
6.08362e-08
1.84037e-07
2.45082e-07
2.30637e-07
1.3351e-07
-6.0574e-09
-1.30547e-07
-1.96074e-07
-1.75087e-07
-7.87978e-08
6.11951e-08
1.84677e-07
2.45773e-07
2.31137e-07
1.33332e-07
-6.56198e-09
-1.31171e-07
-1.96624e-07
-1.75323e-07
-7.86389e-08
6.16898e-08
1.85308e-07
2.46325e-07
2.31395e-07
1.32693e-07
-7.33081e-09
-1.31737e-07
-1.96798e-07
-1.75081e-07
-7.80566e-08
6.24088e-08
1.85913e-07
2.46545e-07
2.3117e-07
1.32538e-07
1.32903e-08
-9.9156e-08
-1.61789e-07
-1.52992e-07
-7.73477e-08
4.3424e-08
1.52972e-07
2.11013e-07
2.07684e-07
1.32253e-07
1.30479e-08
-9.92435e-08
-1.61726e-07
-1.5278e-07
-7.70562e-08
4.36482e-08
1.53057e-07
2.10966e-07
2.07475e-07
1.32054e-07
1.27926e-08
-9.94562e-08
-1.61835e-07
-1.52737e-07
-7.68618e-08
4.38749e-08
1.53274e-07
2.11099e-07
2.07432e-07
1.31912e-07
1.25287e-08
-9.97284e-08
-1.62041e-07
-1.52797e-07
-7.67274e-08
4.41103e-08
1.53554e-07
2.11333e-07
2.07489e-07
1.31784e-07
1.22536e-08
-1.00026e-07
-1.62281e-07
-1.52888e-07
-7.66069e-08
4.43571e-08
1.53859e-07
2.11603e-07
2.0758e-07
1.31665e-07
1.19713e-08
-1.00343e-07
-1.62547e-07
-1.53e-07
-7.64954e-08
4.46104e-08
1.54183e-07
2.11899e-07
2.07692e-07
1.31557e-07
1.16846e-08
-1.00677e-07
-1.62836e-07
-1.53135e-07
-7.63953e-08
4.48677e-08
1.54526e-07
2.12218e-07
2.07827e-07
1.31458e-07
1.13935e-08
-1.01027e-07
-1.63147e-07
-1.53289e-07
-7.63055e-08
4.51293e-08
1.54884e-07
2.12559e-07
2.07981e-07
1.31368e-07
1.10977e-08
-1.01392e-07
-1.63478e-07
-1.53461e-07
-7.62242e-08
4.53958e-08
1.55258e-07
2.1292e-07
2.08153e-07
1.31284e-07
1.07972e-08
-1.01771e-07
-1.63827e-07
-1.5365e-07
-7.61504e-08
4.56672e-08
1.55646e-07
2.13299e-07
2.08342e-07
1.31208e-07
1.04919e-08
-1.02164e-07
-1.64193e-07
-1.53854e-07
-7.60839e-08
4.59437e-08
1.56048e-07
2.13696e-07
2.08546e-07
1.31138e-07
1.0182e-08
-1.0257e-07
-1.64577e-07
-1.54073e-07
-7.60245e-08
4.62251e-08
1.56464e-07
2.1411e-07
2.08766e-07
1.31076e-07
9.86829e-09
-1.02989e-07
-1.64978e-07
-1.54307e-07
-7.59723e-08
4.65107e-08
1.56894e-07
2.1454e-07
2.09e-07
1.3102e-07
9.5509e-09
-1.03421e-07
-1.65395e-07
-1.54556e-07
-7.59276e-08
4.68005e-08
1.57335e-07
2.14986e-07
2.09249e-07
1.30972e-07
9.22957e-09
-1.03865e-07
-1.65829e-07
-1.54821e-07
-7.58904e-08
4.70946e-08
1.5779e-07
2.15449e-07
2.09514e-07
1.30932e-07
8.90481e-09
-1.04322e-07
-1.6628e-07
-1.55101e-07
-7.5861e-08
4.73926e-08
1.58258e-07
2.15928e-07
2.09793e-07
1.30899e-07
8.57735e-09
-1.0479e-07
-1.66747e-07
-1.55396e-07
-7.58399e-08
4.76938e-08
1.58738e-07
2.16423e-07
2.10088e-07
1.30875e-07
8.24719e-09
-1.0527e-07
-1.67231e-07
-1.55707e-07
-7.58271e-08
4.79981e-08
1.5923e-07
2.16934e-07
2.10399e-07
1.30859e-07
7.91406e-09
-1.05762e-07
-1.67731e-07
-1.56033e-07
-7.58227e-08
4.83059e-08
1.59734e-07
2.17462e-07
2.10725e-07
1.30851e-07
7.57829e-09
-1.06267e-07
-1.68248e-07
-1.56376e-07
-7.58268e-08
4.86169e-08
1.6025e-07
2.18006e-07
2.11067e-07
1.30852e-07
7.24039e-09
-1.06782e-07
-1.68781e-07
-1.56734e-07
-7.58396e-08
4.89305e-08
1.60778e-07
2.18565e-07
2.11424e-07
1.30862e-07
6.90051e-09
-1.07309e-07
-1.6933e-07
-1.57107e-07
-7.58611e-08
4.92467e-08
1.61317e-07
2.19139e-07
2.11797e-07
1.3088e-07
6.55888e-09
-1.07846e-07
-1.69894e-07
-1.57496e-07
-7.58914e-08
4.95651e-08
1.61867e-07
2.19729e-07
2.12184e-07
1.30906e-07
6.21565e-09
-1.08394e-07
-1.70474e-07
-1.57899e-07
-7.59303e-08
4.98857e-08
1.62427e-07
2.20333e-07
2.12587e-07
1.30941e-07
5.87063e-09
-1.08952e-07
-1.71068e-07
-1.58317e-07
-7.59776e-08
5.02087e-08
1.62998e-07
2.20952e-07
2.13004e-07
1.30984e-07
5.52392e-09
-1.0952e-07
-1.71677e-07
-1.5875e-07
-7.60331e-08
5.0534e-08
1.6358e-07
2.21585e-07
2.13436e-07
1.31036e-07
5.176e-09
-1.10098e-07
-1.72301e-07
-1.59197e-07
-7.60969e-08
5.08612e-08
1.64171e-07
2.22231e-07
2.13881e-07
1.31095e-07
4.82668e-09
-1.10685e-07
-1.72938e-07
-1.59657e-07
-7.61686e-08
5.11903e-08
1.64771e-07
2.2289e-07
2.1434e-07
1.31161e-07
4.47489e-09
-1.11282e-07
-1.73588e-07
-1.6013e-07
-7.6247e-08
5.15226e-08
1.65381e-07
2.23563e-07
2.14811e-07
1.31233e-07
4.12044e-09
-1.11889e-07
-1.74252e-07
-1.60616e-07
-7.63317e-08
5.18583e-08
1.66002e-07
2.24248e-07
2.15295e-07
1.31312e-07
3.76475e-09
-1.12505e-07
-1.74928e-07
-1.61114e-07
-7.64235e-08
5.21959e-08
1.66631e-07
2.24944e-07
2.15791e-07
1.31398e-07
3.4081e-09
-1.13129e-07
-1.75616e-07
-1.61623e-07
-7.65222e-08
5.25351e-08
1.67268e-07
2.25652e-07
2.16298e-07
1.3149e-07
3.04903e-09
-1.13761e-07
-1.76314e-07
-1.62142e-07
-7.66261e-08
5.28775e-08
1.67914e-07
2.2637e-07
2.16815e-07
1.31586e-07
2.68706e-09
-1.14401e-07
-1.77024e-07
-1.62672e-07
-7.67344e-08
5.32235e-08
1.68568e-07
2.27098e-07
2.17342e-07
1.31687e-07
2.32309e-09
-1.1505e-07
-1.77743e-07
-1.6321e-07
-7.68477e-08
5.35723e-08
1.6923e-07
2.27836e-07
2.17878e-07
1.31793e-07
1.95761e-09
-1.15705e-07
-1.78472e-07
-1.63758e-07
-7.69658e-08
5.39233e-08
1.69898e-07
2.28582e-07
2.18423e-07
1.31903e-07
1.59028e-09
-1.16367e-07
-1.79209e-07
-1.64313e-07
-7.7088e-08
5.42769e-08
1.70574e-07
2.29336e-07
2.18975e-07
1.32017e-07
1.22105e-09
-1.17036e-07
-1.79955e-07
-1.64876e-07
-7.72138e-08
5.46331e-08
1.71256e-07
2.30097e-07
2.19535e-07
1.32134e-07
8.50454e-10
-1.1771e-07
-1.80707e-07
-1.65446e-07
-7.73434e-08
5.49915e-08
1.71943e-07
2.30865e-07
2.20101e-07
1.32256e-07
4.78743e-10
-1.18388e-07
-1.81467e-07
-1.66022e-07
-7.74765e-08
5.53516e-08
1.72636e-07
2.31639e-07
2.20674e-07
1.32381e-07
1.06143e-10
-1.19072e-07
-1.82231e-07
-1.66604e-07
-7.76127e-08
5.57133e-08
1.73332e-07
2.32417e-07
2.21251e-07
1.32509e-07
-2.66866e-10
-1.19758e-07
-1.83001e-07
-1.67191e-07
-7.77521e-08
5.60761e-08
1.74032e-07
2.332e-07
2.21834e-07
1.32639e-07
-6.40234e-10
-1.20448e-07
-1.83774e-07
-1.67781e-07
-7.78941e-08
5.64399e-08
1.74735e-07
2.33986e-07
2.2242e-07
1.32773e-07
-1.0137e-09
-1.2114e-07
-1.84551e-07
-1.68376e-07
-7.80384e-08
5.68045e-08
1.75441e-07
2.34774e-07
2.23009e-07
1.32909e-07
-1.38587e-09
-1.21833e-07
-1.85329e-07
-1.68973e-07
-7.8186e-08
5.71685e-08
1.76147e-07
2.35564e-07
2.23602e-07
1.33051e-07
-1.7553e-09
-1.22525e-07
-1.8611e-07
-1.69575e-07
-7.83379e-08
5.75304e-08
1.76853e-07
2.36355e-07
2.24198e-07
1.33196e-07
-2.12143e-09
-1.23217e-07
-1.86891e-07
-1.7018e-07
-7.8494e-08
5.78898e-08
1.77557e-07
2.37147e-07
2.24797e-07
1.33346e-07
-2.4837e-09
-1.23906e-07
-1.87672e-07
-1.70787e-07
-7.86542e-08
5.82461e-08
1.7826e-07
2.37937e-07
2.25398e-07
1.33501e-07
-2.84084e-09
-1.24593e-07
-1.88453e-07
-1.71397e-07
-7.88198e-08
5.8598e-08
1.7896e-07
2.38727e-07
2.26002e-07
1.33663e-07
-3.19208e-09
-1.25276e-07
-1.89233e-07
-1.72011e-07
-7.89912e-08
5.89448e-08
1.79656e-07
2.39515e-07
2.26609e-07
1.33829e-07
-3.53763e-09
-1.25954e-07
-1.90012e-07
-1.72626e-07
-7.91674e-08
5.92867e-08
1.80348e-07
2.40301e-07
2.27217e-07
1.33999e-07
-3.87798e-09
-1.26628e-07
-1.90787e-07
-1.73242e-07
-7.93471e-08
5.96242e-08
1.81035e-07
2.41083e-07
2.27825e-07
1.34172e-07
-4.21412e-09
-1.27298e-07
-1.91559e-07
-1.73857e-07
-7.95289e-08
5.99583e-08
1.81718e-07
2.41861e-07
2.28431e-07
1.34342e-07
-4.54859e-09
-1.27964e-07
-1.92325e-07
-1.74467e-07
-7.97087e-08
6.02914e-08
1.82397e-07
2.42633e-07
2.29033e-07
1.34504e-07
-4.88659e-09
-1.28627e-07
-1.93082e-07
-1.75065e-07
-7.98796e-08
6.06284e-08
1.83072e-07
2.43395e-07
2.29624e-07
1.34652e-07
-5.23167e-09
-1.29288e-07
-1.93826e-07
-1.75646e-07
-8.00359e-08
6.09725e-08
1.83744e-07
2.44144e-07
2.30197e-07
1.34789e-07
-5.57833e-09
-1.29941e-07
-1.94554e-07
-1.76208e-07
-8.01792e-08
6.1319e-08
1.84408e-07
2.44876e-07
2.30752e-07
1.34882e-07
-5.94125e-09
-1.3058e-07
-1.95245e-07
-1.76718e-07
-8.02779e-08
6.16832e-08
1.85053e-07
2.45572e-07
2.31256e-07
1.34724e-07
-6.45469e-09
-1.31206e-07
-1.95783e-07
-1.76987e-07
-8.01359e-08
6.21888e-08
1.8569e-07
2.46129e-07
2.31519e-07
1.34096e-07
-7.24121e-09
-1.31781e-07
-1.95957e-07
-1.76774e-07
-7.95572e-08
6.29278e-08
1.86312e-07
2.46355e-07
2.31303e-07
1.32744e-07
1.34259e-08
-9.8954e-08
-1.61533e-07
-1.53283e-07
-7.78745e-08
4.3231e-08
1.53139e-07
2.11079e-07
2.07662e-07
1.3246e-07
1.31836e-08
-9.90412e-08
-1.6147e-07
-1.5307e-07
-7.75824e-08
4.34556e-08
1.53224e-07
2.11031e-07
2.07452e-07
1.3226e-07
1.29284e-08
-9.92535e-08
-1.61579e-07
-1.53027e-07
-7.73875e-08
4.3683e-08
1.53441e-07
2.11164e-07
2.07408e-07
1.32118e-07
1.26646e-08
-9.95252e-08
-1.61785e-07
-1.53086e-07
-7.72526e-08
4.39192e-08
1.5372e-07
2.11397e-07
2.07466e-07
1.3199e-07
1.23897e-08
-9.98223e-08
-1.62026e-07
-1.53178e-07
-7.71317e-08
4.41666e-08
1.54025e-07
2.11667e-07
2.07556e-07
1.3187e-07
1.21076e-08
-1.00138e-07
-1.62291e-07
-1.53291e-07
-7.70196e-08
4.44208e-08
1.54349e-07
2.11962e-07
2.07668e-07
1.31762e-07
1.1821e-08
-1.00472e-07
-1.62581e-07
-1.53426e-07
-7.69189e-08
4.46792e-08
1.5469e-07
2.12281e-07
2.07803e-07
1.31663e-07
1.15301e-08
-1.00821e-07
-1.62893e-07
-1.53582e-07
-7.68283e-08
4.49419e-08
1.55047e-07
2.12622e-07
2.07958e-07
1.31572e-07
1.12344e-08
-1.01185e-07
-1.63224e-07
-1.53755e-07
-7.67461e-08
4.52097e-08
1.5542e-07
2.12982e-07
2.0813e-07
1.31489e-07
1.0934e-08
-1.01563e-07
-1.63574e-07
-1.53945e-07
-7.66715e-08
4.54825e-08
1.55807e-07
2.13361e-07
2.08319e-07
1.31412e-07
1.06288e-08
-1.01955e-07
-1.63941e-07
-1.54151e-07
-7.6604e-08
4.57606e-08
1.56208e-07
2.13757e-07
2.08524e-07
1.31343e-07
1.03189e-08
-1.0236e-07
-1.64326e-07
-1.54372e-07
-7.65435e-08
4.60437e-08
1.56623e-07
2.1417e-07
2.08743e-07
1.3128e-07
1.00052e-08
-1.02778e-07
-1.64728e-07
-1.54609e-07
-7.64903e-08
4.63312e-08
1.57051e-07
2.14599e-07
2.08978e-07
1.31225e-07
9.68781e-09
-1.03208e-07
-1.65146e-07
-1.5486e-07
-7.64444e-08
4.66228e-08
1.57491e-07
2.15045e-07
2.09228e-07
1.31176e-07
9.36643e-09
-1.03651e-07
-1.65581e-07
-1.55127e-07
-7.64059e-08
4.6919e-08
1.57944e-07
2.15507e-07
2.09493e-07
1.31136e-07
9.04161e-09
-1.04106e-07
-1.66033e-07
-1.5541e-07
-7.63752e-08
4.72191e-08
1.5841e-07
2.15985e-07
2.09774e-07
1.31103e-07
8.71407e-09
-1.04573e-07
-1.66501e-07
-1.55708e-07
-7.63528e-08
4.75226e-08
1.58888e-07
2.1648e-07
2.10069e-07
1.31079e-07
8.38382e-09
-1.05052e-07
-1.66985e-07
-1.56022e-07
-7.63387e-08
4.78292e-08
1.59378e-07
2.1699e-07
2.10381e-07
1.31063e-07
8.05062e-09
-1.05543e-07
-1.67487e-07
-1.56351e-07
-7.63329e-08
4.81394e-08
1.5988e-07
2.17517e-07
2.10708e-07
1.31055e-07
7.71479e-09
-1.06045e-07
-1.68005e-07
-1.56697e-07
-7.63356e-08
4.84529e-08
1.60395e-07
2.18059e-07
2.1105e-07
1.31056e-07
7.37685e-09
-1.06559e-07
-1.68539e-07
-1.57059e-07
-7.63471e-08
4.8769e-08
1.60921e-07
2.18618e-07
2.11409e-07
1.31066e-07
7.03695e-09
-1.07084e-07
-1.69089e-07
-1.57436e-07
-7.63673e-08
4.90877e-08
1.61458e-07
2.19191e-07
2.11782e-07
1.31084e-07
6.69533e-09
-1.07619e-07
-1.69655e-07
-1.57828e-07
-7.63962e-08
4.94087e-08
1.62005e-07
2.1978e-07
2.12171e-07
1.31111e-07
6.35213e-09
-1.08165e-07
-1.70235e-07
-1.58236e-07
-7.64338e-08
4.9732e-08
1.62564e-07
2.20384e-07
2.12575e-07
1.31146e-07
6.00718e-09
-1.08721e-07
-1.70831e-07
-1.58658e-07
-7.64798e-08
5.00576e-08
1.63133e-07
2.21002e-07
2.12993e-07
1.3119e-07
5.66057e-09
-1.09288e-07
-1.71442e-07
-1.59095e-07
-7.6534e-08
5.03855e-08
1.63712e-07
2.21634e-07
2.13426e-07
1.31241e-07
5.31278e-09
-1.09863e-07
-1.72066e-07
-1.59546e-07
-7.65966e-08
5.07153e-08
1.64301e-07
2.22279e-07
2.13872e-07
1.31301e-07
4.96363e-09
-1.10448e-07
-1.72704e-07
-1.6001e-07
-7.66671e-08
5.10472e-08
1.64899e-07
2.22938e-07
2.14332e-07
1.31367e-07
4.61206e-09
-1.11043e-07
-1.73356e-07
-1.60488e-07
-7.67444e-08
5.13821e-08
1.65507e-07
2.2361e-07
2.14805e-07
1.3144e-07
4.25788e-09
-1.11648e-07
-1.74021e-07
-1.60978e-07
-7.6828e-08
5.17204e-08
1.66126e-07
2.24294e-07
2.15289e-07
1.31519e-07
3.90245e-09
-1.12261e-07
-1.74698e-07
-1.6148e-07
-7.69188e-08
5.20606e-08
1.66753e-07
2.2499e-07
2.15786e-07
1.31606e-07
3.54608e-09
-1.12883e-07
-1.75387e-07
-1.61994e-07
-7.70165e-08
5.24025e-08
1.67388e-07
2.25696e-07
2.16294e-07
1.31698e-07
3.18732e-09
-1.13512e-07
-1.76087e-07
-1.62518e-07
-7.71194e-08
5.27474e-08
1.68031e-07
2.26413e-07
2.16813e-07
1.31794e-07
2.82568e-09
-1.14151e-07
-1.76798e-07
-1.63051e-07
-7.72269e-08
5.3096e-08
1.68684e-07
2.27141e-07
2.17341e-07
1.31896e-07
2.46207e-09
-1.14797e-07
-1.77518e-07
-1.63595e-07
-7.73393e-08
5.34473e-08
1.69344e-07
2.27877e-07
2.17878e-07
1.32002e-07
2.09695e-09
-1.1545e-07
-1.78248e-07
-1.64147e-07
-7.74566e-08
5.38009e-08
1.70011e-07
2.28623e-07
2.18423e-07
1.32113e-07
1.72999e-09
-1.1611e-07
-1.78987e-07
-1.64707e-07
-7.75782e-08
5.4157e-08
1.70685e-07
2.29376e-07
2.18977e-07
1.32227e-07
1.36117e-09
-1.16776e-07
-1.79734e-07
-1.65275e-07
-7.77034e-08
5.45157e-08
1.71365e-07
2.30137e-07
2.19538e-07
1.32346e-07
9.91013e-10
-1.17448e-07
-1.80488e-07
-1.65849e-07
-7.78324e-08
5.48764e-08
1.72051e-07
2.30904e-07
2.20105e-07
1.32468e-07
6.19786e-10
-1.18124e-07
-1.81248e-07
-1.6643e-07
-7.7965e-08
5.5239e-08
1.72742e-07
2.31677e-07
2.20679e-07
1.32593e-07
2.47731e-10
-1.18806e-07
-1.82014e-07
-1.67016e-07
-7.81008e-08
5.56031e-08
1.73437e-07
2.32455e-07
2.21258e-07
1.32722e-07
-1.2467e-10
-1.1949e-07
-1.82785e-07
-1.67608e-07
-7.82398e-08
5.59682e-08
1.74136e-07
2.33238e-07
2.21841e-07
1.32854e-07
-4.97375e-10
-1.20178e-07
-1.8356e-07
-1.68203e-07
-7.83815e-08
5.63344e-08
1.74838e-07
2.34024e-07
2.22429e-07
1.32988e-07
-8.70146e-10
-1.20868e-07
-1.84337e-07
-1.68802e-07
-7.85255e-08
5.67013e-08
1.75542e-07
2.34812e-07
2.23019e-07
1.33125e-07
-1.24161e-09
-1.21559e-07
-1.85117e-07
-1.69404e-07
-7.86729e-08
5.70675e-08
1.76247e-07
2.35602e-07
2.23613e-07
1.33267e-07
-1.61033e-09
-1.2225e-07
-1.85899e-07
-1.7001e-07
-7.88246e-08
5.74317e-08
1.76953e-07
2.36393e-07
2.24211e-07
1.33414e-07
-1.97577e-09
-1.2294e-07
-1.86682e-07
-1.70619e-07
-7.89806e-08
5.77933e-08
1.77657e-07
2.37184e-07
2.24811e-07
1.33564e-07
-2.3374e-09
-1.23628e-07
-1.87464e-07
-1.71231e-07
-7.91407e-08
5.81517e-08
1.78359e-07
2.37975e-07
2.25413e-07
1.3372e-07
-2.69392e-09
-1.24313e-07
-1.88246e-07
-1.71846e-07
-7.93063e-08
5.85056e-08
1.79058e-07
2.38765e-07
2.26019e-07
1.33883e-07
-3.04461e-09
-1.24995e-07
-1.89027e-07
-1.72463e-07
-7.94777e-08
5.88544e-08
1.79753e-07
2.39553e-07
2.26627e-07
1.3405e-07
-3.38968e-09
-1.25673e-07
-1.89807e-07
-1.73083e-07
-7.96538e-08
5.91981e-08
1.80445e-07
2.40339e-07
2.27236e-07
1.34221e-07
-3.72964e-09
-1.26346e-07
-1.90583e-07
-1.73702e-07
-7.98336e-08
5.95374e-08
1.81132e-07
2.41122e-07
2.27845e-07
1.34394e-07
-4.06546e-09
-1.27015e-07
-1.91356e-07
-1.7432e-07
-8.00154e-08
5.98731e-08
1.81814e-07
2.419e-07
2.28454e-07
1.34566e-07
-4.3997e-09
-1.2768e-07
-1.92123e-07
-1.74934e-07
-8.01954e-08
6.02076e-08
1.82492e-07
2.42672e-07
2.29056e-07
1.34729e-07
-4.73756e-09
-1.28342e-07
-1.9288e-07
-1.75535e-07
-8.03664e-08
6.0546e-08
1.83167e-07
2.43435e-07
2.29648e-07
1.34878e-07
-5.08257e-09
-1.29003e-07
-1.93625e-07
-1.76119e-07
-8.05228e-08
6.08912e-08
1.83839e-07
2.44184e-07
2.30223e-07
1.35016e-07
-5.42924e-09
-1.29655e-07
-1.94353e-07
-1.76683e-07
-8.06663e-08
6.12387e-08
1.84502e-07
2.44916e-07
2.30779e-07
1.3511e-07
-5.79221e-09
-1.30293e-07
-1.95045e-07
-1.77195e-07
-8.07653e-08
6.16037e-08
1.85147e-07
2.45612e-07
2.31284e-07
1.34953e-07
-6.30564e-09
-1.3092e-07
-1.95583e-07
-1.77466e-07
-8.06238e-08
6.21096e-08
1.85785e-07
2.4617e-07
2.31548e-07
1.34326e-07
-7.09201e-09
-1.31495e-07
-1.95758e-07
-1.77255e-07
-8.00454e-08
6.28487e-08
1.86406e-07
2.46396e-07
2.31333e-07
1.3291e-07
1.35146e-08
-9.89687e-08
-1.61481e-07
-1.53562e-07
-7.8322e-08
4.24076e-08
1.53486e-07
2.12047e-07
2.07632e-07
1.32632e-07
1.32759e-08
-9.90546e-08
-1.61417e-07
-1.53349e-07
-7.8027e-08
4.26332e-08
1.53555e-07
2.11982e-07
2.07433e-07
1.32436e-07
1.30218e-08
-9.92658e-08
-1.61524e-07
-1.53306e-07
-7.78293e-08
4.28847e-08
1.53761e-07
2.1209e-07
2.07395e-07
1.32296e-07
1.27589e-08
-9.95367e-08
-1.61729e-07
-1.53365e-07
-7.7692e-08
4.31458e-08
1.54033e-07
2.12297e-07
2.07455e-07
1.3217e-07
1.24849e-08
-9.98332e-08
-1.61969e-07
-1.53457e-07
-7.75686e-08
4.34166e-08
1.5433e-07
2.1254e-07
2.07548e-07
1.32053e-07
1.22036e-08
-1.00149e-07
-1.62234e-07
-1.5357e-07
-7.74541e-08
4.3694e-08
1.54647e-07
2.12809e-07
2.07662e-07
1.31947e-07
1.19176e-08
-1.00482e-07
-1.62523e-07
-1.53705e-07
-7.73509e-08
4.39756e-08
1.54982e-07
2.13102e-07
2.07799e-07
1.3185e-07
1.16272e-08
-1.0083e-07
-1.62834e-07
-1.53861e-07
-7.7258e-08
4.42614e-08
1.55334e-07
2.13418e-07
2.07956e-07
1.31762e-07
1.1332e-08
-1.01194e-07
-1.63164e-07
-1.54035e-07
-7.71734e-08
4.45517e-08
1.557e-07
2.13753e-07
2.0813e-07
1.3168e-07
1.1032e-08
-1.01572e-07
-1.63513e-07
-1.54225e-07
-7.70965e-08
4.48466e-08
1.56081e-07
2.14108e-07
2.08321e-07
1.31606e-07
1.07272e-08
-1.01963e-07
-1.6388e-07
-1.54431e-07
-7.70267e-08
4.51461e-08
1.56476e-07
2.1448e-07
2.08528e-07
1.31539e-07
1.04178e-08
-1.02368e-07
-1.64264e-07
-1.54653e-07
-7.69639e-08
4.54501e-08
1.56885e-07
2.14871e-07
2.08749e-07
1.31478e-07
1.01046e-08
-1.02786e-07
-1.64665e-07
-1.5489e-07
-7.69085e-08
4.57579e-08
1.57307e-07
2.15277e-07
2.08986e-07
1.31425e-07
9.78765e-09
-1.03215e-07
-1.65082e-07
-1.55142e-07
-7.68605e-08
4.60693e-08
1.57741e-07
2.15701e-07
2.09237e-07
1.3138e-07
9.46677e-09
-1.03658e-07
-1.65516e-07
-1.5541e-07
-7.68201e-08
4.63845e-08
1.58189e-07
2.16142e-07
2.09504e-07
1.31341e-07
9.14245e-09
-1.04113e-07
-1.65967e-07
-1.55693e-07
-7.67874e-08
4.67033e-08
1.5865e-07
2.166e-07
2.09786e-07
1.31311e-07
8.81544e-09
-1.04579e-07
-1.66434e-07
-1.55992e-07
-7.67631e-08
4.70247e-08
1.59122e-07
2.17074e-07
2.10084e-07
1.31289e-07
8.48573e-09
-1.05057e-07
-1.66917e-07
-1.56307e-07
-7.67473e-08
4.73488e-08
1.59607e-07
2.17565e-07
2.10396e-07
1.31276e-07
8.15309e-09
-1.05548e-07
-1.67417e-07
-1.56638e-07
-7.67399e-08
4.76758e-08
1.60104e-07
2.18073e-07
2.10725e-07
1.3127e-07
7.81782e-09
-1.0605e-07
-1.67934e-07
-1.56985e-07
-7.67412e-08
4.80056e-08
1.60613e-07
2.18597e-07
2.11069e-07
1.31274e-07
7.48046e-09
-1.06564e-07
-1.68468e-07
-1.57347e-07
-7.67512e-08
4.83375e-08
1.61134e-07
2.19138e-07
2.11429e-07
1.31286e-07
7.14116e-09
-1.07088e-07
-1.69016e-07
-1.57725e-07
-7.67701e-08
4.86715e-08
1.61666e-07
2.19695e-07
2.11804e-07
1.31307e-07
6.80015e-09
-1.07623e-07
-1.69581e-07
-1.58119e-07
-7.67979e-08
4.90072e-08
1.62209e-07
2.20267e-07
2.12194e-07
1.31336e-07
6.45758e-09
-1.08168e-07
-1.7016e-07
-1.58528e-07
-7.68345e-08
4.93447e-08
1.62763e-07
2.20854e-07
2.12599e-07
1.31374e-07
6.11328e-09
-1.08724e-07
-1.70755e-07
-1.58952e-07
-7.68796e-08
4.9684e-08
1.63327e-07
2.21457e-07
2.13018e-07
1.3142e-07
5.76733e-09
-1.0929e-07
-1.71364e-07
-1.5939e-07
-7.69331e-08
5.00251e-08
1.63902e-07
2.22074e-07
2.13452e-07
1.31474e-07
5.4202e-09
-1.09865e-07
-1.71988e-07
-1.59842e-07
-7.6995e-08
5.03676e-08
1.64487e-07
2.22705e-07
2.139e-07
1.31536e-07
5.07171e-09
-1.1045e-07
-1.72625e-07
-1.60308e-07
-7.70649e-08
5.07117e-08
1.65081e-07
2.23349e-07
2.14361e-07
1.31605e-07
4.72082e-09
-1.11044e-07
-1.73275e-07
-1.60787e-07
-7.71417e-08
5.10583e-08
1.65686e-07
2.24007e-07
2.14834e-07
1.3168e-07
4.36731e-09
-1.11649e-07
-1.73939e-07
-1.61279e-07
-7.7225e-08
5.14078e-08
1.66301e-07
2.24679e-07
2.1532e-07
1.31762e-07
4.01255e-09
-1.12262e-07
-1.74614e-07
-1.61782e-07
-7.73155e-08
5.17588e-08
1.66924e-07
2.25362e-07
2.15818e-07
1.31851e-07
3.65683e-09
-1.12883e-07
-1.75302e-07
-1.62298e-07
-7.74131e-08
5.21109e-08
1.67556e-07
2.26057e-07
2.16327e-07
1.31945e-07
3.29871e-09
-1.13512e-07
-1.76e-07
-1.62823e-07
-7.75159e-08
5.24657e-08
1.68196e-07
2.26763e-07
2.16846e-07
1.32044e-07
2.93772e-09
-1.1415e-07
-1.7671e-07
-1.63359e-07
-7.76234e-08
5.28237e-08
1.68845e-07
2.27479e-07
2.17375e-07
1.32148e-07
2.57472e-09
-1.14796e-07
-1.77429e-07
-1.63904e-07
-7.7736e-08
5.3184e-08
1.69502e-07
2.28206e-07
2.17913e-07
1.32257e-07
2.2102e-09
-1.15448e-07
-1.78158e-07
-1.64457e-07
-7.78536e-08
5.3546e-08
1.70166e-07
2.28941e-07
2.1846e-07
1.3237e-07
1.84383e-09
-1.16108e-07
-1.78895e-07
-1.65019e-07
-7.79754e-08
5.39102e-08
1.70838e-07
2.29685e-07
2.19014e-07
1.32487e-07
1.47558e-09
-1.16773e-07
-1.79641e-07
-1.65589e-07
-7.8101e-08
5.42765e-08
1.71515e-07
2.30437e-07
2.19576e-07
1.32608e-07
1.10597e-09
-1.17445e-07
-1.80393e-07
-1.66165e-07
-7.82305e-08
5.46445e-08
1.72199e-07
2.31196e-07
2.20144e-07
1.32732e-07
7.35282e-10
-1.18121e-07
-1.81152e-07
-1.66747e-07
-7.83636e-08
5.50138e-08
1.72888e-07
2.31962e-07
2.20718e-07
1.3286e-07
3.63743e-10
-1.18802e-07
-1.81917e-07
-1.67335e-07
-7.85001e-08
5.53843e-08
1.73581e-07
2.32733e-07
2.21298e-07
1.32991e-07
-8.15592e-12
-1.19487e-07
-1.82687e-07
-1.67928e-07
-7.86398e-08
5.57555e-08
1.74278e-07
2.33508e-07
2.21882e-07
1.33124e-07
-3.80377e-10
-1.20175e-07
-1.83461e-07
-1.68525e-07
-7.87822e-08
5.61272e-08
1.74978e-07
2.34288e-07
2.22471e-07
1.3326e-07
-7.52677e-10
-1.20864e-07
-1.84237e-07
-1.69126e-07
-7.8927e-08
5.64994e-08
1.75681e-07
2.3507e-07
2.23062e-07
1.334e-07
-1.12368e-09
-1.21556e-07
-1.85017e-07
-1.6973e-07
-7.90752e-08
5.68705e-08
1.76385e-07
2.35854e-07
2.23657e-07
1.33544e-07
-1.49193e-09
-1.22247e-07
-1.85798e-07
-1.70338e-07
-7.92279e-08
5.72392e-08
1.77089e-07
2.3664e-07
2.24255e-07
1.33692e-07
-1.85691e-09
-1.22936e-07
-1.86579e-07
-1.70948e-07
-7.93847e-08
5.76048e-08
1.77791e-07
2.37427e-07
2.24856e-07
1.33844e-07
-2.21807e-09
-1.23624e-07
-1.87361e-07
-1.71561e-07
-7.95458e-08
5.7967e-08
1.78492e-07
2.38213e-07
2.25459e-07
1.34002e-07
-2.57412e-09
-1.24309e-07
-1.88143e-07
-1.72177e-07
-7.97123e-08
5.83243e-08
1.7919e-07
2.38999e-07
2.26065e-07
1.34166e-07
-2.92431e-09
-1.24991e-07
-1.88923e-07
-1.72796e-07
-7.98846e-08
5.8676e-08
1.79885e-07
2.39784e-07
2.26674e-07
1.34335e-07
-3.26887e-09
-1.25669e-07
-1.89702e-07
-1.73417e-07
-8.00617e-08
5.90224e-08
1.80575e-07
2.40567e-07
2.27284e-07
1.34507e-07
-3.6083e-09
-1.26342e-07
-1.90478e-07
-1.74037e-07
-8.02423e-08
5.93639e-08
1.81261e-07
2.41347e-07
2.27894e-07
1.34682e-07
-3.94358e-09
-1.27011e-07
-1.91251e-07
-1.74657e-07
-8.0425e-08
5.97015e-08
1.81943e-07
2.42123e-07
2.28503e-07
1.34855e-07
-4.27727e-09
-1.27676e-07
-1.92017e-07
-1.75271e-07
-8.06058e-08
6.00377e-08
1.8262e-07
2.42893e-07
2.29107e-07
1.35019e-07
-4.61456e-09
-1.28338e-07
-1.92775e-07
-1.75873e-07
-8.07776e-08
6.03773e-08
1.83295e-07
2.43654e-07
2.29699e-07
1.35169e-07
-4.959e-09
-1.28998e-07
-1.93519e-07
-1.76457e-07
-8.09346e-08
6.07234e-08
1.83966e-07
2.44402e-07
2.30274e-07
1.35307e-07
-5.30512e-09
-1.29651e-07
-1.94248e-07
-1.77022e-07
-8.10788e-08
6.10714e-08
1.84628e-07
2.45133e-07
2.30831e-07
1.35402e-07
-5.66757e-09
-1.30289e-07
-1.9494e-07
-1.77535e-07
-8.11782e-08
6.14367e-08
1.85273e-07
2.45828e-07
2.31337e-07
1.35246e-07
-6.18046e-09
-1.30915e-07
-1.95479e-07
-1.77806e-07
-8.10371e-08
6.19425e-08
1.8591e-07
2.46386e-07
2.31602e-07
1.34619e-07
-6.96629e-09
-1.31491e-07
-1.95654e-07
-1.77596e-07
-8.04592e-08
6.26811e-08
1.8653e-07
2.46612e-07
2.31388e-07
1.32909e-07
1.35149e-08
-9.89701e-08
-1.6148e-07
-1.53561e-07
-7.83209e-08
4.24072e-08
1.53481e-07
2.12047e-07
2.07631e-07
1.3263e-07
1.32762e-08
-9.90561e-08
-1.61415e-07
-1.53347e-07
-7.80258e-08
4.26328e-08
1.5355e-07
2.11982e-07
2.07433e-07
1.32435e-07
1.30221e-08
-9.92673e-08
-1.61523e-07
-1.53304e-07
-7.78281e-08
4.28844e-08
1.53757e-07
2.1209e-07
2.07394e-07
1.32295e-07
1.27591e-08
-9.95383e-08
-1.61728e-07
-1.53363e-07
-7.76908e-08
4.31455e-08
1.54028e-07
2.12297e-07
2.07455e-07
1.32169e-07
1.24851e-08
-9.98347e-08
-1.61968e-07
-1.53455e-07
-7.75674e-08
4.34164e-08
1.54326e-07
2.1254e-07
2.07547e-07
1.32052e-07
1.22037e-08
-1.0015e-07
-1.62233e-07
-1.53568e-07
-7.74529e-08
4.36939e-08
1.54643e-07
2.12809e-07
2.07662e-07
1.31946e-07
1.19177e-08
-1.00483e-07
-1.62522e-07
-1.53704e-07
-7.73497e-08
4.39755e-08
1.54979e-07
2.13102e-07
2.07798e-07
1.31849e-07
1.16273e-08
-1.00832e-07
-1.62833e-07
-1.53859e-07
-7.72568e-08
4.42613e-08
1.5533e-07
2.13417e-07
2.07955e-07
1.3176e-07
1.1332e-08
-1.01196e-07
-1.63163e-07
-1.54033e-07
-7.71722e-08
4.45516e-08
1.55697e-07
2.13753e-07
2.0813e-07
1.31679e-07
1.1032e-08
-1.01574e-07
-1.63512e-07
-1.54224e-07
-7.70953e-08
4.48464e-08
1.56078e-07
2.14108e-07
2.08321e-07
1.31605e-07
1.07272e-08
-1.01965e-07
-1.63879e-07
-1.5443e-07
-7.70255e-08
4.51459e-08
1.56473e-07
2.1448e-07
2.08527e-07
1.31538e-07
1.04178e-08
-1.0237e-07
-1.64263e-07
-1.54652e-07
-7.69628e-08
4.54499e-08
1.56882e-07
2.1487e-07
2.08749e-07
1.31477e-07
1.01046e-08
-1.02787e-07
-1.64664e-07
-1.54889e-07
-7.69074e-08
4.57577e-08
1.57304e-07
2.15277e-07
2.08986e-07
1.31424e-07
9.7876e-09
-1.03217e-07
-1.65081e-07
-1.55141e-07
-7.68595e-08
4.60691e-08
1.57739e-07
2.15701e-07
2.09237e-07
1.31378e-07
9.46671e-09
-1.0366e-07
-1.65515e-07
-1.55409e-07
-7.68191e-08
4.63843e-08
1.58187e-07
2.16142e-07
2.09504e-07
1.3134e-07
9.14238e-09
-1.04115e-07
-1.65966e-07
-1.55692e-07
-7.67865e-08
4.6703e-08
1.58647e-07
2.166e-07
2.09786e-07
1.3131e-07
8.81536e-09
-1.04581e-07
-1.66433e-07
-1.55991e-07
-7.67623e-08
4.70243e-08
1.5912e-07
2.17074e-07
2.10084e-07
1.31288e-07
8.48565e-09
-1.05059e-07
-1.66916e-07
-1.56306e-07
-7.67466e-08
4.73484e-08
1.59604e-07
2.17565e-07
2.10396e-07
1.31275e-07
8.153e-09
-1.0555e-07
-1.67417e-07
-1.56637e-07
-7.67393e-08
4.76754e-08
1.60102e-07
2.18073e-07
2.10725e-07
1.3127e-07
7.81774e-09
-1.06052e-07
-1.67934e-07
-1.56984e-07
-7.67406e-08
4.80051e-08
1.60611e-07
2.18597e-07
2.11069e-07
1.31273e-07
7.4804e-09
-1.06566e-07
-1.68467e-07
-1.57346e-07
-7.67508e-08
4.83369e-08
1.61132e-07
2.19138e-07
2.11429e-07
1.31285e-07
7.14111e-09
-1.0709e-07
-1.69016e-07
-1.57725e-07
-7.67698e-08
4.86708e-08
1.61664e-07
2.19695e-07
2.11804e-07
1.31306e-07
6.80012e-09
-1.07625e-07
-1.6958e-07
-1.58119e-07
-7.67977e-08
4.90065e-08
1.62207e-07
2.20267e-07
2.12194e-07
1.31336e-07
6.45757e-09
-1.0817e-07
-1.7016e-07
-1.58527e-07
-7.68345e-08
4.93439e-08
1.62761e-07
2.20855e-07
2.126e-07
1.31374e-07
6.11329e-09
-1.08726e-07
-1.70755e-07
-1.58951e-07
-7.68797e-08
4.96831e-08
1.63326e-07
2.21457e-07
2.13019e-07
1.3142e-07
5.76738e-09
-1.09292e-07
-1.71364e-07
-1.5939e-07
-7.69333e-08
5.00241e-08
1.63901e-07
2.22074e-07
2.13453e-07
1.31474e-07
5.42028e-09
-1.09867e-07
-1.71988e-07
-1.59842e-07
-7.69954e-08
5.03665e-08
1.64486e-07
2.22705e-07
2.13901e-07
1.31536e-07
5.07184e-09
-1.10452e-07
-1.72624e-07
-1.60308e-07
-7.70655e-08
5.07104e-08
1.6508e-07
2.2335e-07
2.14362e-07
1.31605e-07
4.72099e-09
-1.11046e-07
-1.73275e-07
-1.60788e-07
-7.71425e-08
5.1057e-08
1.65685e-07
2.24008e-07
2.14836e-07
1.3168e-07
4.36753e-09
-1.11651e-07
-1.73939e-07
-1.61279e-07
-7.72259e-08
5.14064e-08
1.66299e-07
2.24679e-07
2.15322e-07
1.31763e-07
4.0128e-09
-1.12264e-07
-1.74615e-07
-1.61783e-07
-7.73166e-08
5.17572e-08
1.66923e-07
2.25363e-07
2.1582e-07
1.31852e-07
3.65713e-09
-1.12885e-07
-1.75302e-07
-1.62299e-07
-7.74143e-08
5.21093e-08
1.67555e-07
2.26058e-07
2.16329e-07
1.31946e-07
3.29906e-09
-1.13514e-07
-1.76001e-07
-1.62824e-07
-7.75174e-08
5.2464e-08
1.68195e-07
2.26763e-07
2.16849e-07
1.32046e-07
2.9381e-09
-1.14152e-07
-1.7671e-07
-1.6336e-07
-7.7625e-08
5.28219e-08
1.68844e-07
2.2748e-07
2.17378e-07
1.3215e-07
2.57515e-09
-1.14798e-07
-1.7743e-07
-1.63905e-07
-7.77378e-08
5.3182e-08
1.69501e-07
2.28207e-07
2.17916e-07
1.32259e-07
2.21067e-09
-1.1545e-07
-1.78159e-07
-1.64459e-07
-7.78555e-08
5.35439e-08
1.70166e-07
2.28942e-07
2.18462e-07
1.32372e-07
1.84433e-09
-1.1611e-07
-1.78896e-07
-1.65021e-07
-7.79775e-08
5.3908e-08
1.70837e-07
2.29687e-07
2.19017e-07
1.32489e-07
1.47612e-09
-1.16776e-07
-1.79641e-07
-1.6559e-07
-7.81033e-08
5.42742e-08
1.71515e-07
2.30439e-07
2.19579e-07
1.3261e-07
1.10654e-09
-1.17447e-07
-1.80394e-07
-1.66167e-07
-7.82329e-08
5.46421e-08
1.72198e-07
2.31198e-07
2.20147e-07
1.32734e-07
7.35866e-10
-1.18124e-07
-1.81153e-07
-1.66749e-07
-7.83662e-08
5.50114e-08
1.72887e-07
2.31963e-07
2.20721e-07
1.32862e-07
3.64344e-10
-1.18805e-07
-1.81918e-07
-1.67337e-07
-7.85027e-08
5.53818e-08
1.73581e-07
2.32734e-07
2.21301e-07
1.32993e-07
-7.54478e-12
-1.19489e-07
-1.82688e-07
-1.67931e-07
-7.86426e-08
5.57529e-08
1.74278e-07
2.3351e-07
2.21886e-07
1.33126e-07
-3.79761e-10
-1.20177e-07
-1.83462e-07
-1.68528e-07
-7.87852e-08
5.61245e-08
1.74978e-07
2.34289e-07
2.22474e-07
1.33263e-07
-7.52062e-10
-1.20867e-07
-1.84239e-07
-1.69128e-07
-7.89301e-08
5.64966e-08
1.7568e-07
2.35072e-07
2.23066e-07
1.33402e-07
-1.12307e-09
-1.21558e-07
-1.85018e-07
-1.69732e-07
-7.90784e-08
5.68676e-08
1.76384e-07
2.35856e-07
2.23661e-07
1.33546e-07
-1.49134e-09
-1.22249e-07
-1.85799e-07
-1.7034e-07
-7.92312e-08
5.72362e-08
1.77088e-07
2.36642e-07
2.24259e-07
1.33694e-07
-1.85634e-09
-1.22939e-07
-1.86581e-07
-1.70951e-07
-7.93881e-08
5.76018e-08
1.77791e-07
2.37429e-07
2.2486e-07
1.33847e-07
-2.21753e-09
-1.23627e-07
-1.87363e-07
-1.71564e-07
-7.95493e-08
5.79639e-08
1.78492e-07
2.38216e-07
2.25463e-07
1.34005e-07
-2.57361e-09
-1.24312e-07
-1.88144e-07
-1.7218e-07
-7.97159e-08
5.83212e-08
1.7919e-07
2.39002e-07
2.26069e-07
1.34169e-07
-2.92384e-09
-1.24994e-07
-1.88925e-07
-1.72799e-07
-7.98883e-08
5.86729e-08
1.79884e-07
2.39787e-07
2.26678e-07
1.34337e-07
-3.26845e-09
-1.25671e-07
-1.89704e-07
-1.7342e-07
-8.00654e-08
5.90192e-08
1.80575e-07
2.4057e-07
2.27289e-07
1.3451e-07
-3.60792e-09
-1.26344e-07
-1.9048e-07
-1.74041e-07
-8.02461e-08
5.93607e-08
1.81261e-07
2.4135e-07
2.27899e-07
1.34685e-07
-3.94326e-09
-1.27013e-07
-1.91253e-07
-1.7466e-07
-8.04289e-08
5.96983e-08
1.81943e-07
2.42126e-07
2.28508e-07
1.34858e-07
-4.277e-09
-1.27678e-07
-1.92019e-07
-1.75274e-07
-8.06097e-08
6.00345e-08
1.8262e-07
2.42896e-07
2.29112e-07
1.35022e-07
-4.61435e-09
-1.28341e-07
-1.92777e-07
-1.75876e-07
-8.07815e-08
6.0374e-08
1.83295e-07
2.43657e-07
2.29704e-07
1.35172e-07
-4.95884e-09
-1.29001e-07
-1.93521e-07
-1.76461e-07
-8.09386e-08
6.07202e-08
1.83966e-07
2.44405e-07
2.30279e-07
1.3531e-07
-5.30501e-09
-1.29654e-07
-1.9425e-07
-1.77026e-07
-8.10828e-08
6.10682e-08
1.84628e-07
2.45136e-07
2.30836e-07
1.35405e-07
-5.6675e-09
-1.30292e-07
-1.94942e-07
-1.77539e-07
-8.11823e-08
6.14335e-08
1.85273e-07
2.45831e-07
2.31342e-07
1.35249e-07
-6.18044e-09
-1.30918e-07
-1.95481e-07
-1.7781e-07
-8.10412e-08
6.19393e-08
1.8591e-07
2.46389e-07
2.31607e-07
1.34622e-07
-6.96631e-09
-1.31494e-07
-1.95656e-07
-1.77599e-07
-8.04633e-08
6.26779e-08
1.86531e-07
2.46615e-07
2.31393e-07
1.32748e-07
1.34251e-08
-9.89577e-08
-1.61536e-07
-1.53286e-07
-7.78757e-08
4.32311e-08
1.5315e-07
2.11086e-07
2.07669e-07
1.32463e-07
1.31827e-08
-9.9045e-08
-1.61473e-07
-1.53072e-07
-7.75836e-08
4.34559e-08
1.53234e-07
2.11038e-07
2.0746e-07
1.32263e-07
1.29273e-08
-9.92574e-08
-1.61582e-07
-1.5303e-07
-7.73886e-08
4.36834e-08
1.53451e-07
2.11171e-07
2.07416e-07
1.32121e-07
1.26635e-08
-9.95291e-08
-1.61788e-07
-1.53089e-07
-7.72537e-08
4.39196e-08
1.5373e-07
2.11405e-07
2.07473e-07
1.31993e-07
1.23884e-08
-9.98264e-08
-1.62029e-07
-1.53181e-07
-7.71326e-08
4.41671e-08
1.54035e-07
2.11674e-07
2.07564e-07
1.31873e-07
1.21062e-08
-1.00143e-07
-1.62294e-07
-1.53294e-07
-7.70205e-08
4.44214e-08
1.54358e-07
2.11969e-07
2.07676e-07
1.31764e-07
1.18195e-08
-1.00476e-07
-1.62584e-07
-1.53429e-07
-7.69198e-08
4.46798e-08
1.54699e-07
2.12288e-07
2.0781e-07
1.31666e-07
1.15284e-08
-1.00825e-07
-1.62896e-07
-1.53585e-07
-7.68292e-08
4.49426e-08
1.55057e-07
2.12629e-07
2.07965e-07
1.31575e-07
1.12324e-08
-1.0119e-07
-1.63227e-07
-1.53758e-07
-7.6747e-08
4.52104e-08
1.55429e-07
2.1299e-07
2.08137e-07
1.31491e-07
1.09318e-08
-1.01568e-07
-1.63577e-07
-1.53948e-07
-7.66724e-08
4.54833e-08
1.55816e-07
2.13368e-07
2.08326e-07
1.31415e-07
1.06263e-08
-1.0196e-07
-1.63944e-07
-1.54154e-07
-7.66048e-08
4.57614e-08
1.56217e-07
2.13764e-07
2.08531e-07
1.31345e-07
1.03162e-08
-1.02365e-07
-1.64329e-07
-1.54375e-07
-7.65443e-08
4.60445e-08
1.56632e-07
2.14178e-07
2.08751e-07
1.31283e-07
1.00023e-08
-1.02783e-07
-1.64731e-07
-1.54611e-07
-7.64911e-08
4.6332e-08
1.57059e-07
2.14607e-07
2.08985e-07
1.31227e-07
9.68455e-09
-1.03213e-07
-1.65149e-07
-1.54863e-07
-7.64452e-08
4.66237e-08
1.57499e-07
2.15053e-07
2.09235e-07
1.31179e-07
9.3629e-09
-1.03656e-07
-1.65584e-07
-1.5513e-07
-7.64068e-08
4.69198e-08
1.57953e-07
2.15515e-07
2.095e-07
1.31138e-07
9.03778e-09
-1.04111e-07
-1.66036e-07
-1.55412e-07
-7.63761e-08
4.722e-08
1.58418e-07
2.15993e-07
2.09781e-07
1.31106e-07
8.70995e-09
-1.04578e-07
-1.66504e-07
-1.55711e-07
-7.63537e-08
4.75234e-08
1.58896e-07
2.16488e-07
2.10077e-07
1.31081e-07
8.37942e-09
-1.05057e-07
-1.66988e-07
-1.56025e-07
-7.63396e-08
4.783e-08
1.59386e-07
2.16998e-07
2.10388e-07
1.31065e-07
8.04593e-09
-1.05548e-07
-1.6749e-07
-1.56354e-07
-7.63339e-08
4.81402e-08
1.59888e-07
2.17525e-07
2.10715e-07
1.31058e-07
7.70982e-09
-1.06051e-07
-1.68008e-07
-1.567e-07
-7.63368e-08
4.84536e-08
1.60403e-07
2.18068e-07
2.11058e-07
1.31059e-07
7.37162e-09
-1.06565e-07
-1.68542e-07
-1.57062e-07
-7.63483e-08
4.87697e-08
1.60928e-07
2.18626e-07
2.11416e-07
1.31068e-07
7.03146e-09
-1.0709e-07
-1.69093e-07
-1.57439e-07
-7.63686e-08
4.90883e-08
1.61465e-07
2.192e-07
2.1179e-07
1.31087e-07
6.68958e-09
-1.07625e-07
-1.69658e-07
-1.57832e-07
-7.63977e-08
4.94093e-08
1.62013e-07
2.19789e-07
2.12179e-07
1.31114e-07
6.34615e-09
-1.08171e-07
-1.70239e-07
-1.58239e-07
-7.64354e-08
4.97325e-08
1.62571e-07
2.20393e-07
2.12583e-07
1.31149e-07
6.00097e-09
-1.08728e-07
-1.70835e-07
-1.58662e-07
-7.64816e-08
5.00581e-08
1.6314e-07
2.21011e-07
2.13001e-07
1.31192e-07
5.65415e-09
-1.09294e-07
-1.71446e-07
-1.59099e-07
-7.6536e-08
5.0386e-08
1.63719e-07
2.21643e-07
2.13434e-07
1.31244e-07
5.30616e-09
-1.0987e-07
-1.72071e-07
-1.5955e-07
-7.65987e-08
5.07157e-08
1.64308e-07
2.22289e-07
2.13881e-07
1.31304e-07
4.95682e-09
-1.10455e-07
-1.72709e-07
-1.60015e-07
-7.66694e-08
5.10475e-08
1.64906e-07
2.22948e-07
2.14341e-07
1.3137e-07
4.60507e-09
-1.1105e-07
-1.73361e-07
-1.60492e-07
-7.67468e-08
5.13823e-08
1.65515e-07
2.2362e-07
2.14813e-07
1.31443e-07
4.25072e-09
-1.11655e-07
-1.74026e-07
-1.60983e-07
-7.68306e-08
5.17205e-08
1.66133e-07
2.24304e-07
2.15298e-07
1.31522e-07
3.89512e-09
-1.12269e-07
-1.74703e-07
-1.61485e-07
-7.69216e-08
5.20606e-08
1.6676e-07
2.25e-07
2.15795e-07
1.31609e-07
3.53859e-09
-1.1289e-07
-1.75392e-07
-1.61999e-07
-7.70195e-08
5.24024e-08
1.67395e-07
2.25707e-07
2.16304e-07
1.31701e-07
3.17967e-09
-1.1352e-07
-1.76092e-07
-1.62523e-07
-7.71226e-08
5.27473e-08
1.68038e-07
2.26424e-07
2.16822e-07
1.31798e-07
2.81789e-09
-1.14158e-07
-1.76803e-07
-1.63057e-07
-7.72302e-08
5.30958e-08
1.68691e-07
2.27151e-07
2.1735e-07
1.31899e-07
2.45413e-09
-1.14805e-07
-1.77524e-07
-1.636e-07
-7.73428e-08
5.3447e-08
1.69351e-07
2.27888e-07
2.17887e-07
1.32006e-07
2.08886e-09
-1.15458e-07
-1.78254e-07
-1.64153e-07
-7.74604e-08
5.38004e-08
1.70018e-07
2.28634e-07
2.18433e-07
1.32117e-07
1.72175e-09
-1.16118e-07
-1.78993e-07
-1.64713e-07
-7.75821e-08
5.41565e-08
1.70691e-07
2.29387e-07
2.18987e-07
1.32231e-07
1.35278e-09
-1.16784e-07
-1.7974e-07
-1.65281e-07
-7.77075e-08
5.45151e-08
1.71372e-07
2.30148e-07
2.19548e-07
1.3235e-07
9.82457e-10
-1.17456e-07
-1.80494e-07
-1.65856e-07
-7.78366e-08
5.48758e-08
1.72058e-07
2.30915e-07
2.20116e-07
1.32472e-07
6.11063e-10
-1.18133e-07
-1.81254e-07
-1.66437e-07
-7.79693e-08
5.52382e-08
1.72748e-07
2.31688e-07
2.20689e-07
1.32598e-07
2.38831e-10
-1.18814e-07
-1.8202e-07
-1.67023e-07
-7.81053e-08
5.56023e-08
1.73444e-07
2.32467e-07
2.21268e-07
1.32726e-07
-1.33756e-10
-1.19499e-07
-1.82791e-07
-1.67615e-07
-7.82445e-08
5.59674e-08
1.74143e-07
2.33249e-07
2.21852e-07
1.32858e-07
-5.06658e-10
-1.20187e-07
-1.83566e-07
-1.6821e-07
-7.83863e-08
5.63335e-08
1.74845e-07
2.34035e-07
2.2244e-07
1.32992e-07
-8.79632e-10
-1.20877e-07
-1.84344e-07
-1.68809e-07
-7.85305e-08
5.67003e-08
1.75549e-07
2.34823e-07
2.23031e-07
1.3313e-07
-1.25131e-09
-1.21568e-07
-1.85124e-07
-1.69412e-07
-7.8678e-08
5.70665e-08
1.76254e-07
2.35613e-07
2.23625e-07
1.33272e-07
-1.62024e-09
-1.22259e-07
-1.85906e-07
-1.70018e-07
-7.88298e-08
5.74307e-08
1.76959e-07
2.36404e-07
2.24222e-07
1.33418e-07
-1.98591e-09
-1.22949e-07
-1.86689e-07
-1.70627e-07
-7.89859e-08
5.77922e-08
1.77663e-07
2.37196e-07
2.24823e-07
1.33569e-07
-2.34775e-09
-1.23637e-07
-1.87471e-07
-1.71239e-07
-7.91461e-08
5.81506e-08
1.78365e-07
2.37986e-07
2.25425e-07
1.33725e-07
-2.70449e-09
-1.24322e-07
-1.88253e-07
-1.71854e-07
-7.93118e-08
5.85045e-08
1.79064e-07
2.38776e-07
2.26031e-07
1.33888e-07
-3.05539e-09
-1.25004e-07
-1.89035e-07
-1.72472e-07
-7.94833e-08
5.88532e-08
1.7976e-07
2.39565e-07
2.26639e-07
1.34055e-07
-3.40066e-09
-1.25682e-07
-1.89814e-07
-1.73091e-07
-7.96595e-08
5.9197e-08
1.80452e-07
2.40351e-07
2.27248e-07
1.34226e-07
-3.74081e-09
-1.26355e-07
-1.90591e-07
-1.73711e-07
-7.98394e-08
5.95362e-08
1.81138e-07
2.41134e-07
2.27858e-07
1.34399e-07
-4.07681e-09
-1.27024e-07
-1.91364e-07
-1.74329e-07
-8.00213e-08
5.98719e-08
1.81821e-07
2.41912e-07
2.28466e-07
1.34571e-07
-4.41121e-09
-1.27689e-07
-1.92131e-07
-1.74942e-07
-8.02013e-08
6.02064e-08
1.82499e-07
2.42684e-07
2.29069e-07
1.34734e-07
-4.7492e-09
-1.28352e-07
-1.92888e-07
-1.75544e-07
-8.03724e-08
6.05448e-08
1.83174e-07
2.43447e-07
2.29661e-07
1.34883e-07
-5.09433e-09
-1.29012e-07
-1.93633e-07
-1.76128e-07
-8.05289e-08
6.089e-08
1.83846e-07
2.44196e-07
2.30235e-07
1.35021e-07
-5.44111e-09
-1.29665e-07
-1.94361e-07
-1.76692e-07
-8.06725e-08
6.12374e-08
1.84509e-07
2.44928e-07
2.30791e-07
1.35115e-07
-5.80416e-09
-1.30303e-07
-1.95053e-07
-1.77204e-07
-8.07716e-08
6.16024e-08
1.85154e-07
2.45624e-07
2.31296e-07
1.34959e-07
-6.31764e-09
-1.3093e-07
-1.95592e-07
-1.77475e-07
-8.06301e-08
6.21084e-08
1.85792e-07
2.46183e-07
2.31561e-07
1.34331e-07
-7.10404e-09
-1.31505e-07
-1.95767e-07
-1.77264e-07
-8.00518e-08
6.28474e-08
1.86413e-07
2.46409e-07
2.31346e-07
1.32537e-07
1.32678e-08
-9.91748e-08
-1.61798e-07
-1.52997e-07
-7.73457e-08
4.34277e-08
1.52989e-07
2.11028e-07
2.07694e-07
1.32253e-07
1.30255e-08
-9.92622e-08
-1.61736e-07
-1.52785e-07
-7.70543e-08
4.36522e-08
1.53073e-07
2.10981e-07
2.07486e-07
1.32054e-07
1.27701e-08
-9.94749e-08
-1.61844e-07
-1.52742e-07
-7.68598e-08
4.38792e-08
1.53291e-07
2.11114e-07
2.07442e-07
1.31912e-07
1.2506e-08
-9.9747e-08
-1.6205e-07
-1.52802e-07
-7.67254e-08
4.41149e-08
1.5357e-07
2.11348e-07
2.075e-07
1.31784e-07
1.22307e-08
-1.00045e-07
-1.62291e-07
-1.52893e-07
-7.66049e-08
4.43618e-08
1.53875e-07
2.11618e-07
2.0759e-07
1.31665e-07
1.19482e-08
-1.00361e-07
-1.62556e-07
-1.53005e-07
-7.64935e-08
4.46153e-08
1.542e-07
2.11913e-07
2.07702e-07
1.31556e-07
1.16611e-08
-1.00696e-07
-1.62845e-07
-1.5314e-07
-7.63934e-08
4.48728e-08
1.54542e-07
2.12233e-07
2.07837e-07
1.31457e-07
1.13696e-08
-1.01046e-07
-1.63156e-07
-1.53294e-07
-7.63036e-08
4.51346e-08
1.549e-07
2.12574e-07
2.07991e-07
1.31367e-07
1.10733e-08
-1.01411e-07
-1.63486e-07
-1.53466e-07
-7.62223e-08
4.54012e-08
1.55274e-07
2.12935e-07
2.08164e-07
1.31283e-07
1.07722e-08
-1.0179e-07
-1.63835e-07
-1.53654e-07
-7.61486e-08
4.56727e-08
1.55662e-07
2.13314e-07
2.08352e-07
1.31207e-07
1.04663e-08
-1.02183e-07
-1.64202e-07
-1.53858e-07
-7.60821e-08
4.59492e-08
1.56064e-07
2.13711e-07
2.08556e-07
1.31137e-07
1.01557e-08
-1.02589e-07
-1.64586e-07
-1.54078e-07
-7.60227e-08
4.62307e-08
1.5648e-07
2.14124e-07
2.08776e-07
1.31075e-07
9.84128e-09
-1.03008e-07
-1.64987e-07
-1.54312e-07
-7.59706e-08
4.65164e-08
1.56909e-07
2.14554e-07
2.0901e-07
1.31019e-07
9.52312e-09
-1.03439e-07
-1.65404e-07
-1.54561e-07
-7.59259e-08
4.68062e-08
1.57351e-07
2.15e-07
2.09259e-07
1.30971e-07
9.201e-09
-1.03884e-07
-1.65838e-07
-1.54825e-07
-7.58888e-08
4.71003e-08
1.57806e-07
2.15463e-07
2.09523e-07
1.3093e-07
8.87541e-09
-1.0434e-07
-1.66288e-07
-1.55105e-07
-7.58594e-08
4.73983e-08
1.58273e-07
2.15942e-07
2.09803e-07
1.30898e-07
8.54711e-09
-1.04809e-07
-1.66755e-07
-1.554e-07
-7.58384e-08
4.76994e-08
1.58753e-07
2.16437e-07
2.10098e-07
1.30873e-07
8.2161e-09
-1.05289e-07
-1.67238e-07
-1.55711e-07
-7.58257e-08
4.80037e-08
1.59244e-07
2.16948e-07
2.10408e-07
1.30857e-07
7.88212e-09
-1.05781e-07
-1.67739e-07
-1.56038e-07
-7.58214e-08
4.83114e-08
1.59748e-07
2.17475e-07
2.10735e-07
1.30849e-07
7.5455e-09
-1.06285e-07
-1.68255e-07
-1.5638e-07
-7.58256e-08
4.86223e-08
1.60264e-07
2.18018e-07
2.11076e-07
1.3085e-07
7.20676e-09
-1.06801e-07
-1.68788e-07
-1.56738e-07
-7.58385e-08
4.89357e-08
1.60792e-07
2.18578e-07
2.11434e-07
1.3086e-07
6.86606e-09
-1.07327e-07
-1.69337e-07
-1.57111e-07
-7.58602e-08
4.92517e-08
1.6133e-07
2.19152e-07
2.11806e-07
1.30878e-07
6.52361e-09
-1.07865e-07
-1.69901e-07
-1.575e-07
-7.58906e-08
4.957e-08
1.6188e-07
2.19741e-07
2.12194e-07
1.30904e-07
6.17959e-09
-1.08412e-07
-1.70481e-07
-1.57904e-07
-7.59298e-08
4.98904e-08
1.6244e-07
2.20345e-07
2.12597e-07
1.30939e-07
5.83379e-09
-1.0897e-07
-1.71075e-07
-1.58322e-07
-7.59773e-08
5.02132e-08
1.63011e-07
2.20964e-07
2.13014e-07
1.30982e-07
5.48632e-09
-1.09539e-07
-1.71684e-07
-1.58755e-07
-7.6033e-08
5.05383e-08
1.63592e-07
2.21597e-07
2.13446e-07
1.31034e-07
5.13766e-09
-1.10116e-07
-1.72307e-07
-1.59202e-07
-7.6097e-08
5.08652e-08
1.64183e-07
2.22243e-07
2.13891e-07
1.31093e-07
4.78763e-09
-1.10704e-07
-1.72944e-07
-1.59662e-07
-7.6169e-08
5.11941e-08
1.64783e-07
2.22902e-07
2.1435e-07
1.31159e-07
4.43515e-09
-1.11301e-07
-1.73595e-07
-1.60135e-07
-7.62476e-08
5.15261e-08
1.65393e-07
2.23574e-07
2.14822e-07
1.31231e-07
4.08003e-09
-1.11908e-07
-1.74258e-07
-1.60621e-07
-7.63326e-08
5.18614e-08
1.66013e-07
2.24259e-07
2.15305e-07
1.31311e-07
3.72367e-09
-1.12523e-07
-1.74934e-07
-1.61118e-07
-7.64247e-08
5.21987e-08
1.66642e-07
2.24956e-07
2.15801e-07
1.31397e-07
3.36637e-09
-1.13147e-07
-1.75622e-07
-1.61628e-07
-7.65236e-08
5.25376e-08
1.67278e-07
2.25663e-07
2.16308e-07
1.31488e-07
3.00667e-09
-1.13779e-07
-1.7632e-07
-1.62147e-07
-7.66278e-08
5.28797e-08
1.67924e-07
2.26381e-07
2.16826e-07
1.31585e-07
2.64408e-09
-1.14419e-07
-1.77029e-07
-1.62677e-07
-7.67364e-08
5.32254e-08
1.68578e-07
2.27109e-07
2.17353e-07
1.31686e-07
2.27952e-09
-1.15068e-07
-1.77749e-07
-1.63215e-07
-7.68499e-08
5.35739e-08
1.69239e-07
2.27846e-07
2.17889e-07
1.31792e-07
1.91346e-09
-1.15723e-07
-1.78478e-07
-1.63763e-07
-7.69682e-08
5.39246e-08
1.69908e-07
2.28592e-07
2.18433e-07
1.31902e-07
1.54558e-09
-1.16385e-07
-1.79215e-07
-1.64319e-07
-7.70907e-08
5.42779e-08
1.70583e-07
2.29346e-07
2.18986e-07
1.32016e-07
1.17585e-09
-1.17053e-07
-1.7996e-07
-1.64882e-07
-7.72168e-08
5.46339e-08
1.71265e-07
2.30108e-07
2.19546e-07
1.32134e-07
8.04807e-10
-1.17727e-07
-1.80713e-07
-1.65452e-07
-7.73466e-08
5.4992e-08
1.71952e-07
2.30875e-07
2.20112e-07
1.32255e-07
4.32724e-10
-1.18406e-07
-1.81472e-07
-1.66028e-07
-7.74798e-08
5.53519e-08
1.72644e-07
2.31649e-07
2.20685e-07
1.3238e-07
5.98447e-11
-1.19089e-07
-1.82236e-07
-1.6661e-07
-7.76163e-08
5.57133e-08
1.7334e-07
2.32428e-07
2.21262e-07
1.32508e-07
-3.13339e-10
-1.19776e-07
-1.83006e-07
-1.67196e-07
-7.77559e-08
5.60759e-08
1.7404e-07
2.3321e-07
2.21845e-07
1.32639e-07
-6.8678e-10
-1.20465e-07
-1.83779e-07
-1.67787e-07
-7.78981e-08
5.64396e-08
1.74743e-07
2.33996e-07
2.22431e-07
1.32772e-07
-1.06023e-09
-1.21157e-07
-1.84556e-07
-1.68382e-07
-7.80425e-08
5.6804e-08
1.75448e-07
2.34784e-07
2.2302e-07
1.32909e-07
-1.43231e-09
-1.2185e-07
-1.85334e-07
-1.68979e-07
-7.81902e-08
5.71679e-08
1.76154e-07
2.35574e-07
2.23613e-07
1.3305e-07
-1.80158e-09
-1.22543e-07
-1.86115e-07
-1.69581e-07
-7.83423e-08
5.75297e-08
1.7686e-07
2.36366e-07
2.24209e-07
1.33196e-07
-2.16751e-09
-1.23234e-07
-1.86896e-07
-1.70186e-07
-7.84985e-08
5.78891e-08
1.77565e-07
2.37157e-07
2.24808e-07
1.33346e-07
-2.52953e-09
-1.23924e-07
-1.87677e-07
-1.70793e-07
-7.86588e-08
5.82453e-08
1.78267e-07
2.37947e-07
2.25409e-07
1.33501e-07
-2.88638e-09
-1.2461e-07
-1.88458e-07
-1.71404e-07
-7.88246e-08
5.85971e-08
1.78967e-07
2.38737e-07
2.26013e-07
1.33663e-07
-3.23732e-09
-1.25293e-07
-1.89239e-07
-1.72018e-07
-7.89961e-08
5.89438e-08
1.79663e-07
2.39526e-07
2.2662e-07
1.33829e-07
-3.58256e-09
-1.25972e-07
-1.90017e-07
-1.72633e-07
-7.91724e-08
5.92857e-08
1.80355e-07
2.40311e-07
2.27228e-07
1.33999e-07
-3.92261e-09
-1.26646e-07
-1.90793e-07
-1.73249e-07
-7.93523e-08
5.96231e-08
1.81043e-07
2.41094e-07
2.27836e-07
1.34172e-07
-4.25846e-09
-1.27316e-07
-1.91564e-07
-1.73864e-07
-7.95342e-08
5.99572e-08
1.81725e-07
2.41872e-07
2.28443e-07
1.34343e-07
-4.59266e-09
-1.27982e-07
-1.92331e-07
-1.74474e-07
-7.97141e-08
6.02902e-08
1.82404e-07
2.42644e-07
2.29045e-07
1.34505e-07
-4.93042e-09
-1.28645e-07
-1.93088e-07
-1.75072e-07
-7.98852e-08
6.06272e-08
1.8308e-07
2.43406e-07
2.29636e-07
1.34653e-07
-5.27529e-09
-1.29306e-07
-1.93832e-07
-1.75653e-07
-8.00416e-08
6.09712e-08
1.83752e-07
2.44155e-07
2.30209e-07
1.3479e-07
-5.62179e-09
-1.29959e-07
-1.9456e-07
-1.76215e-07
-8.0185e-08
6.13177e-08
1.84415e-07
2.44887e-07
2.30764e-07
1.34883e-07
-5.98458e-09
-1.30598e-07
-1.95251e-07
-1.76726e-07
-8.02839e-08
6.16819e-08
1.85061e-07
2.45583e-07
2.31268e-07
1.34725e-07
-6.49795e-09
-1.31225e-07
-1.95789e-07
-1.76995e-07
-8.01421e-08
6.21874e-08
1.85698e-07
2.46141e-07
2.31532e-07
1.34097e-07
-7.28443e-09
-1.318e-07
-1.95964e-07
-1.76783e-07
-7.95636e-08
6.29264e-08
1.8632e-07
2.46367e-07
2.31316e-07
1.318e-07
1.29914e-08
-9.91909e-08
-1.62087e-07
-1.52311e-07
-7.66443e-08
4.2349e-08
1.52927e-07
2.12163e-07
2.07648e-07
1.31523e-07
1.27537e-08
-9.92776e-08
-1.62024e-07
-1.52099e-07
-7.63513e-08
4.25739e-08
1.52998e-07
2.12098e-07
2.07451e-07
1.31328e-07
1.25002e-08
-9.94894e-08
-1.62133e-07
-1.52055e-07
-7.61551e-08
4.28248e-08
1.53204e-07
2.12207e-07
2.07413e-07
1.31188e-07
1.22379e-08
-9.97608e-08
-1.62339e-07
-1.52114e-07
-7.60188e-08
4.30852e-08
1.53477e-07
2.12414e-07
2.07473e-07
1.31061e-07
1.19646e-08
-1.00058e-07
-1.6258e-07
-1.52203e-07
-7.5896e-08
4.33551e-08
1.53776e-07
2.12657e-07
2.07566e-07
1.30943e-07
1.16839e-08
-1.00374e-07
-1.62847e-07
-1.52313e-07
-7.57818e-08
4.36316e-08
1.54094e-07
2.12925e-07
2.07679e-07
1.30835e-07
1.13985e-08
-1.00707e-07
-1.63138e-07
-1.52445e-07
-7.56785e-08
4.39123e-08
1.5443e-07
2.13218e-07
2.07815e-07
1.30736e-07
1.11086e-08
-1.01057e-07
-1.63451e-07
-1.52597e-07
-7.55849e-08
4.41971e-08
1.54783e-07
2.13532e-07
2.07971e-07
1.30645e-07
1.08138e-08
-1.01421e-07
-1.63783e-07
-1.52765e-07
-7.54994e-08
4.44865e-08
1.55151e-07
2.13867e-07
2.08145e-07
1.30561e-07
1.05142e-08
-1.018e-07
-1.64135e-07
-1.5295e-07
-7.5421e-08
4.47804e-08
1.55534e-07
2.1422e-07
2.08334e-07
1.30483e-07
1.02097e-08
-1.02193e-07
-1.64505e-07
-1.53149e-07
-7.53493e-08
4.50789e-08
1.55931e-07
2.14591e-07
2.08539e-07
1.30411e-07
9.90058e-09
-1.02599e-07
-1.64892e-07
-1.53363e-07
-7.52841e-08
4.53819e-08
1.56342e-07
2.1498e-07
2.0876e-07
1.30346e-07
9.58755e-09
-1.03017e-07
-1.65296e-07
-1.53592e-07
-7.52258e-08
4.56886e-08
1.56765e-07
2.15385e-07
2.08995e-07
1.30288e-07
9.27081e-09
-1.03448e-07
-1.65717e-07
-1.53835e-07
-7.51745e-08
4.59989e-08
1.57201e-07
2.15807e-07
2.09244e-07
1.30236e-07
8.95011e-09
-1.03892e-07
-1.66155e-07
-1.54093e-07
-7.51301e-08
4.63129e-08
1.57651e-07
2.16246e-07
2.09509e-07
1.30192e-07
8.62598e-09
-1.04348e-07
-1.6661e-07
-1.54366e-07
-7.50931e-08
4.66303e-08
1.58113e-07
2.16701e-07
2.09789e-07
1.30155e-07
8.29914e-09
-1.04816e-07
-1.67082e-07
-1.54653e-07
-7.50639e-08
4.69503e-08
1.58587e-07
2.17173e-07
2.10084e-07
1.30126e-07
7.96964e-09
-1.05295e-07
-1.6757e-07
-1.54955e-07
-7.50426e-08
4.72728e-08
1.59072e-07
2.17662e-07
2.10394e-07
1.30105e-07
7.6372e-09
-1.05787e-07
-1.68076e-07
-1.55273e-07
-7.50292e-08
4.75981e-08
1.59571e-07
2.18167e-07
2.1072e-07
1.30091e-07
7.30216e-09
-1.06291e-07
-1.68598e-07
-1.55605e-07
-7.50239e-08
4.7926e-08
1.60081e-07
2.18689e-07
2.11062e-07
1.30086e-07
6.96505e-09
-1.06806e-07
-1.69137e-07
-1.55953e-07
-7.50268e-08
4.8256e-08
1.60603e-07
2.19227e-07
2.11418e-07
1.30088e-07
6.62601e-09
-1.07332e-07
-1.69692e-07
-1.56315e-07
-7.5038e-08
4.85878e-08
1.61136e-07
2.1978e-07
2.1179e-07
1.30099e-07
6.28527e-09
-1.07868e-07
-1.70263e-07
-1.56692e-07
-7.50575e-08
4.89214e-08
1.6168e-07
2.20349e-07
2.12177e-07
1.30118e-07
5.94299e-09
-1.08415e-07
-1.70849e-07
-1.57083e-07
-7.50852e-08
4.92564e-08
1.62235e-07
2.20934e-07
2.12579e-07
1.30144e-07
5.59898e-09
-1.08973e-07
-1.71451e-07
-1.57488e-07
-7.51208e-08
4.95933e-08
1.628e-07
2.21533e-07
2.12995e-07
1.30178e-07
5.25333e-09
-1.0954e-07
-1.72067e-07
-1.57907e-07
-7.51642e-08
4.99318e-08
1.63375e-07
2.22147e-07
2.13425e-07
1.3022e-07
4.90654e-09
-1.10118e-07
-1.72698e-07
-1.5834e-07
-7.52155e-08
5.02716e-08
1.6396e-07
2.22775e-07
2.13869e-07
1.30269e-07
4.55841e-09
-1.10704e-07
-1.73344e-07
-1.58785e-07
-7.52741e-08
5.06128e-08
1.64555e-07
2.23416e-07
2.14326e-07
1.30325e-07
4.20786e-09
-1.113e-07
-1.74003e-07
-1.59242e-07
-7.5339e-08
5.09565e-08
1.6516e-07
2.24071e-07
2.14796e-07
1.30385e-07
3.85468e-09
-1.11907e-07
-1.74675e-07
-1.59711e-07
-7.54098e-08
5.1303e-08
1.65775e-07
2.24739e-07
2.15277e-07
1.30453e-07
3.50031e-09
-1.12522e-07
-1.75361e-07
-1.60191e-07
-7.54872e-08
5.16508e-08
1.66399e-07
2.25419e-07
2.15771e-07
1.30527e-07
3.14504e-09
-1.13145e-07
-1.76058e-07
-1.60682e-07
-7.5571e-08
5.19997e-08
1.67031e-07
2.2611e-07
2.16276e-07
1.30605e-07
2.7874e-09
-1.13776e-07
-1.76767e-07
-1.61183e-07
-7.56596e-08
5.23512e-08
1.67671e-07
2.26813e-07
2.1679e-07
1.30687e-07
2.4269e-09
-1.14417e-07
-1.77487e-07
-1.61693e-07
-7.57521e-08
5.27057e-08
1.6832e-07
2.27526e-07
2.17314e-07
1.30774e-07
2.06446e-09
-1.15065e-07
-1.78218e-07
-1.62211e-07
-7.5849e-08
5.30624e-08
1.68977e-07
2.28249e-07
2.17847e-07
1.30865e-07
1.70057e-09
-1.15719e-07
-1.78958e-07
-1.62738e-07
-7.59504e-08
5.34208e-08
1.69641e-07
2.28981e-07
2.18389e-07
1.3096e-07
1.33492e-09
-1.16381e-07
-1.79707e-07
-1.63272e-07
-7.60555e-08
5.37812e-08
1.70312e-07
2.29722e-07
2.18939e-07
1.31058e-07
9.67485e-10
-1.17049e-07
-1.80465e-07
-1.63812e-07
-7.61637e-08
5.41436e-08
1.70989e-07
2.3047e-07
2.19495e-07
1.31159e-07
5.98789e-10
-1.17722e-07
-1.8123e-07
-1.64359e-07
-7.62751e-08
5.45075e-08
1.71671e-07
2.31225e-07
2.20058e-07
1.31263e-07
2.29132e-10
-1.18401e-07
-1.82002e-07
-1.64911e-07
-7.63896e-08
5.48727e-08
1.72359e-07
2.31987e-07
2.20627e-07
1.3137e-07
-1.41245e-10
-1.19083e-07
-1.8278e-07
-1.65469e-07
-7.65069e-08
5.52389e-08
1.73051e-07
2.32754e-07
2.21201e-07
1.3148e-07
-5.11845e-10
-1.1977e-07
-1.83564e-07
-1.6603e-07
-7.66269e-08
5.56056e-08
1.73746e-07
2.33525e-07
2.21779e-07
1.31592e-07
-8.82604e-10
-1.20459e-07
-1.84351e-07
-1.66595e-07
-7.6749e-08
5.59727e-08
1.74444e-07
2.34301e-07
2.22362e-07
1.31706e-07
-1.25327e-09
-1.2115e-07
-1.85142e-07
-1.67163e-07
-7.6873e-08
5.63401e-08
1.75144e-07
2.35078e-07
2.22947e-07
1.31822e-07
-1.62248e-09
-1.21842e-07
-1.85935e-07
-1.67734e-07
-7.69998e-08
5.67063e-08
1.75846e-07
2.35859e-07
2.23536e-07
1.31943e-07
-1.98882e-09
-1.22533e-07
-1.86731e-07
-1.68308e-07
-7.71306e-08
5.70699e-08
1.76547e-07
2.3664e-07
2.24128e-07
1.32068e-07
-2.35176e-09
-1.23224e-07
-1.87528e-07
-1.68885e-07
-7.72651e-08
5.74305e-08
1.77246e-07
2.37423e-07
2.24723e-07
1.32196e-07
-2.71073e-09
-1.23912e-07
-1.88325e-07
-1.69464e-07
-7.74034e-08
5.77874e-08
1.77944e-07
2.38205e-07
2.2532e-07
1.32329e-07
-3.06451e-09
-1.24598e-07
-1.89122e-07
-1.70045e-07
-7.75466e-08
5.81395e-08
1.78639e-07
2.38987e-07
2.2592e-07
1.32468e-07
-3.41237e-09
-1.2528e-07
-1.89919e-07
-1.70629e-07
-7.76952e-08
5.8486e-08
1.7933e-07
2.39768e-07
2.26523e-07
1.32612e-07
-3.75451e-09
-1.25958e-07
-1.90715e-07
-1.71214e-07
-7.78482e-08
5.88272e-08
1.80017e-07
2.40546e-07
2.27127e-07
1.32759e-07
-4.09143e-09
-1.26631e-07
-1.91508e-07
-1.718e-07
-7.80044e-08
5.91636e-08
1.807e-07
2.41322e-07
2.27732e-07
1.32907e-07
-4.42411e-09
-1.27301e-07
-1.92298e-07
-1.72384e-07
-7.81622e-08
5.9496e-08
1.81377e-07
2.42094e-07
2.28335e-07
1.33054e-07
-4.75505e-09
-1.27966e-07
-1.93082e-07
-1.72962e-07
-7.83179e-08
5.9827e-08
1.82051e-07
2.4286e-07
2.28933e-07
1.33192e-07
-5.08933e-09
-1.28628e-07
-1.93858e-07
-1.73529e-07
-7.84645e-08
6.01613e-08
1.82721e-07
2.43617e-07
2.29519e-07
1.33315e-07
-5.4304e-09
-1.29287e-07
-1.9462e-07
-1.74078e-07
-7.85964e-08
6.0502e-08
1.83388e-07
2.44361e-07
2.30089e-07
1.33428e-07
-5.77283e-09
-1.29939e-07
-1.95366e-07
-1.74608e-07
-7.87156e-08
6.08444e-08
1.84046e-07
2.45088e-07
2.3064e-07
1.33497e-07
-6.13067e-09
-1.30576e-07
-1.96075e-07
-1.75086e-07
-7.87912e-08
6.12034e-08
1.84686e-07
2.45779e-07
2.3114e-07
1.33319e-07
-6.63469e-09
-1.31199e-07
-1.96625e-07
-1.75322e-07
-7.86324e-08
6.16981e-08
1.85317e-07
2.46331e-07
2.31398e-07
1.32681e-07
-7.40346e-09
-1.31766e-07
-1.968e-07
-1.7508e-07
-7.80502e-08
6.24172e-08
1.85922e-07
2.46551e-07
2.31174e-07
1.31615e-07
1.26415e-08
-9.96472e-08
-1.63223e-07
-1.5255e-07
-7.49608e-08
4.31511e-08
1.51774e-07
2.12213e-07
2.0855e-07
1.31352e-07
1.2414e-08
-9.97271e-08
-1.63145e-07
-1.52349e-07
-7.47067e-08
4.3391e-08
1.51866e-07
2.12142e-07
2.08341e-07
1.31165e-07
1.21633e-08
-9.99341e-08
-1.6323e-07
-1.52299e-07
-7.45459e-08
4.36192e-08
1.52101e-07
2.12247e-07
2.08284e-07
1.3103e-07
1.19028e-08
-1.00202e-07
-1.6341e-07
-1.52341e-07
-7.44427e-08
4.38554e-08
1.52403e-07
2.12451e-07
2.08321e-07
1.30908e-07
1.1631e-08
-1.00497e-07
-1.63624e-07
-1.52412e-07
-7.43527e-08
4.41039e-08
1.52731e-07
2.12691e-07
2.0839e-07
1.30793e-07
1.13514e-08
-1.00811e-07
-1.63864e-07
-1.52503e-07
-7.42705e-08
4.43592e-08
1.53077e-07
2.12956e-07
2.08481e-07
1.30688e-07
1.10664e-08
-1.01142e-07
-1.64127e-07
-1.52615e-07
-7.41982e-08
4.46185e-08
1.53441e-07
2.13246e-07
2.08593e-07
1.30593e-07
1.07764e-08
-1.01491e-07
-1.64413e-07
-1.52746e-07
-7.41347e-08
4.48821e-08
1.53821e-07
2.13558e-07
2.08726e-07
1.30504e-07
1.0481e-08
-1.01854e-07
-1.64719e-07
-1.52893e-07
-7.40783e-08
4.51506e-08
1.54216e-07
2.13889e-07
2.08877e-07
1.30423e-07
1.01805e-08
-1.02232e-07
-1.65044e-07
-1.53057e-07
-7.40281e-08
4.54239e-08
1.54624e-07
2.14239e-07
2.09044e-07
1.30347e-07
9.87456e-09
-1.02624e-07
-1.65387e-07
-1.53235e-07
-7.39836e-08
4.57022e-08
1.55046e-07
2.14607e-07
2.09227e-07
1.30278e-07
9.5636e-09
-1.0303e-07
-1.65748e-07
-1.53428e-07
-7.39448e-08
4.59852e-08
1.55481e-07
2.14993e-07
2.09425e-07
1.30215e-07
9.24833e-09
-1.03449e-07
-1.66126e-07
-1.53635e-07
-7.39118e-08
4.62722e-08
1.55929e-07
2.15395e-07
2.09639e-07
1.30159e-07
8.92895e-09
-1.0388e-07
-1.66521e-07
-1.53856e-07
-7.38848e-08
4.6563e-08
1.56388e-07
2.15813e-07
2.09868e-07
1.30109e-07
8.60523e-09
-1.04325e-07
-1.66934e-07
-1.54091e-07
-7.38639e-08
4.68579e-08
1.5686e-07
2.16249e-07
2.10112e-07
1.30066e-07
8.27768e-09
-1.04782e-07
-1.67364e-07
-1.54341e-07
-7.38493e-08
4.71564e-08
1.57343e-07
2.16701e-07
2.10372e-07
1.30031e-07
7.94703e-09
-1.05252e-07
-1.67811e-07
-1.54606e-07
-7.38415e-08
4.74576e-08
1.57838e-07
2.1717e-07
2.10647e-07
1.30003e-07
7.61331e-09
-1.05733e-07
-1.68275e-07
-1.54885e-07
-7.38406e-08
4.77617e-08
1.58344e-07
2.17654e-07
2.10938e-07
1.29983e-07
7.27625e-09
-1.06227e-07
-1.68757e-07
-1.55179e-07
-7.38466e-08
4.80687e-08
1.58862e-07
2.18156e-07
2.11246e-07
1.29971e-07
6.93616e-09
-1.06733e-07
-1.69255e-07
-1.55488e-07
-7.38597e-08
4.83785e-08
1.59391e-07
2.18674e-07
2.11569e-07
1.29966e-07
6.59354e-09
-1.0725e-07
-1.6977e-07
-1.55812e-07
-7.388e-08
4.86905e-08
1.5993e-07
2.19208e-07
2.11908e-07
1.29969e-07
6.24853e-09
-1.07779e-07
-1.70302e-07
-1.5615e-07
-7.39075e-08
4.90046e-08
1.6048e-07
2.19758e-07
2.12262e-07
1.29981e-07
5.90133e-09
-1.08319e-07
-1.7085e-07
-1.56502e-07
-7.39422e-08
4.93205e-08
1.61041e-07
2.20323e-07
2.12632e-07
1.3e-07
5.55208e-09
-1.0887e-07
-1.71413e-07
-1.56868e-07
-7.39841e-08
4.96383e-08
1.61611e-07
2.20904e-07
2.13017e-07
1.30027e-07
5.20056e-09
-1.09432e-07
-1.71993e-07
-1.57248e-07
-7.40329e-08
4.9958e-08
1.62191e-07
2.21499e-07
2.13417e-07
1.30061e-07
4.84685e-09
-1.10004e-07
-1.72587e-07
-1.57642e-07
-7.40883e-08
5.02797e-08
1.6278e-07
2.22109e-07
2.13832e-07
1.30103e-07
4.49141e-09
-1.10586e-07
-1.73197e-07
-1.58048e-07
-7.41504e-08
5.06028e-08
1.63379e-07
2.22733e-07
2.14261e-07
1.30152e-07
4.13404e-09
-1.11179e-07
-1.73821e-07
-1.58467e-07
-7.42189e-08
5.09277e-08
1.63986e-07
2.23371e-07
2.14703e-07
1.30207e-07
3.77357e-09
-1.11781e-07
-1.74459e-07
-1.58897e-07
-7.42924e-08
5.12553e-08
1.64603e-07
2.24022e-07
2.15159e-07
1.30267e-07
3.4098e-09
-1.12394e-07
-1.75111e-07
-1.59339e-07
-7.43705e-08
5.1586e-08
1.65229e-07
2.24686e-07
2.15627e-07
1.30334e-07
3.0442e-09
-1.13017e-07
-1.75776e-07
-1.59792e-07
-7.44542e-08
5.19184e-08
1.65863e-07
2.25362e-07
2.16107e-07
1.30407e-07
2.67707e-09
-1.13648e-07
-1.76453e-07
-1.60255e-07
-7.45431e-08
5.22521e-08
1.66505e-07
2.2605e-07
2.16599e-07
1.30484e-07
2.30686e-09
-1.14287e-07
-1.77142e-07
-1.60728e-07
-7.46356e-08
5.25888e-08
1.67155e-07
2.26749e-07
2.17101e-07
1.30565e-07
1.93306e-09
-1.14937e-07
-1.77843e-07
-1.61209e-07
-7.47308e-08
5.29288e-08
1.67812e-07
2.27458e-07
2.17613e-07
1.3065e-07
1.55666e-09
-1.15594e-07
-1.78554e-07
-1.61698e-07
-7.48293e-08
5.32714e-08
1.68477e-07
2.28178e-07
2.18135e-07
1.30739e-07
1.17815e-09
-1.16259e-07
-1.79276e-07
-1.62196e-07
-7.4931e-08
5.36159e-08
1.69149e-07
2.28907e-07
2.18665e-07
1.30832e-07
7.9722e-10
-1.16931e-07
-1.80007e-07
-1.627e-07
-7.50352e-08
5.39628e-08
1.69826e-07
2.29644e-07
2.19204e-07
1.30928e-07
4.13845e-10
-1.1761e-07
-1.80746e-07
-1.63211e-07
-7.51415e-08
5.4312e-08
1.7051e-07
2.30388e-07
2.1975e-07
1.31027e-07
2.85764e-11
-1.18295e-07
-1.81494e-07
-1.63728e-07
-7.52499e-08
5.46631e-08
1.71198e-07
2.3114e-07
2.20303e-07
1.31128e-07
-3.58276e-10
-1.18985e-07
-1.82248e-07
-1.64249e-07
-7.53602e-08
5.50157e-08
1.71891e-07
2.31899e-07
2.20862e-07
1.31233e-07
-7.46457e-10
-1.1968e-07
-1.83009e-07
-1.64776e-07
-7.54722e-08
5.53696e-08
1.72587e-07
2.32662e-07
2.21427e-07
1.3134e-07
-1.13546e-09
-1.2038e-07
-1.83776e-07
-1.65306e-07
-7.55858e-08
5.57243e-08
1.73286e-07
2.3343e-07
2.21997e-07
1.31449e-07
-1.5252e-09
-1.21082e-07
-1.84547e-07
-1.6584e-07
-7.57006e-08
5.60797e-08
1.73988e-07
2.34202e-07
2.22571e-07
1.3156e-07
-1.91542e-09
-1.21787e-07
-1.85322e-07
-1.66376e-07
-7.58162e-08
5.64356e-08
1.74691e-07
2.34976e-07
2.23148e-07
1.31674e-07
-2.30476e-09
-1.22494e-07
-1.861e-07
-1.66915e-07
-7.59336e-08
5.67906e-08
1.75395e-07
2.35753e-07
2.23729e-07
1.31791e-07
-2.69182e-09
-1.23201e-07
-1.8688e-07
-1.67457e-07
-7.6054e-08
5.71433e-08
1.76098e-07
2.36532e-07
2.24314e-07
1.31913e-07
-3.07604e-09
-1.23907e-07
-1.87662e-07
-1.68001e-07
-7.61771e-08
5.74932e-08
1.76799e-07
2.37311e-07
2.24902e-07
1.32038e-07
-3.45689e-09
-1.24611e-07
-1.88445e-07
-1.68547e-07
-7.6303e-08
5.78398e-08
1.77498e-07
2.38089e-07
2.25492e-07
1.32169e-07
-3.83314e-09
-1.25313e-07
-1.89228e-07
-1.69096e-07
-7.64329e-08
5.81819e-08
1.78193e-07
2.38868e-07
2.26086e-07
1.32304e-07
-4.20408e-09
-1.26012e-07
-1.90012e-07
-1.69647e-07
-7.65672e-08
5.85188e-08
1.78885e-07
2.39645e-07
2.26683e-07
1.32445e-07
-4.56989e-09
-1.26708e-07
-1.90794e-07
-1.702e-07
-7.67048e-08
5.88507e-08
1.79572e-07
2.40421e-07
2.27282e-07
1.32588e-07
-4.93103e-09
-1.27399e-07
-1.91575e-07
-1.70752e-07
-7.68447e-08
5.91781e-08
1.80254e-07
2.41194e-07
2.27881e-07
1.32734e-07
-5.28846e-09
-1.28087e-07
-1.92352e-07
-1.71302e-07
-7.69854e-08
5.9502e-08
1.80931e-07
2.41963e-07
2.28479e-07
1.32877e-07
-5.6446e-09
-1.2877e-07
-1.93125e-07
-1.71847e-07
-7.71231e-08
5.98247e-08
1.81603e-07
2.42726e-07
2.29073e-07
1.33012e-07
-6.00445e-09
-1.29451e-07
-1.93888e-07
-1.72381e-07
-7.72509e-08
6.01508e-08
1.82272e-07
2.43479e-07
2.29655e-07
1.33132e-07
-6.37142e-09
-1.30129e-07
-1.94639e-07
-1.72896e-07
-7.73636e-08
6.04833e-08
1.82936e-07
2.44219e-07
2.3022e-07
1.3324e-07
-6.74006e-09
-1.30797e-07
-1.95373e-07
-1.73393e-07
-7.74629e-08
6.08178e-08
1.8359e-07
2.44942e-07
2.30768e-07
1.33307e-07
-7.12366e-09
-1.3145e-07
-1.96068e-07
-1.73838e-07
-7.75192e-08
6.11682e-08
1.84227e-07
2.45629e-07
2.31264e-07
1.33125e-07
-7.64841e-09
-1.32096e-07
-1.96599e-07
-1.74044e-07
-7.73478e-08
6.16496e-08
1.84853e-07
2.46176e-07
2.31519e-07
1.32481e-07
-8.42846e-09
-1.3264e-07
-1.96749e-07
-1.73777e-07
-7.67677e-08
6.23466e-08
1.85442e-07
2.4639e-07
2.3129e-07
)
;

boundaryField
{
    bottomWall
    {
        type            zeroGradient;
    }
    topWall
    {
        type            zeroGradient;
    }
    sides1_half0
    {
        type            cyclic;
    }
    sides1_half1
    {
        type            cyclic;
    }
    inout1_half0
    {
        type            cyclic;
    }
    inout1_half1
    {
        type            cyclic;
    }
}


// ************************************************************************* //
