0.0003128
0.000781772
0.00121925
0.0016269
0.00199677
0.00232808
0.00262239
0.00288207
0.00310966
0.00330773
0.00347884
0.0036255
0.00375026
0.00385567
0.00394437
0.00401905
0.00408254
0.0041377
0.00418744
0.0042346
0.00428178
0.00433114
0.00438405
0.00444086
0.00450054
0.00456064
0.00461736
0.00466607
0.00470203
0.00472135
0.00472184
0.00470347
0.00466843
0.0046206
0.00456468
0.00450532
0.0044463
0.00439008
0.00433767
0.00428873
0.00424187
0.00419493
0.00414532
0.00409017
0.0040266
0.00395171
0.00386271
0.00375689
0.00363164
0.00348439
0.00331265
0.0031139
0.00288561
0.00262524
0.00233025
0.00199832
0.0016279
0.0012198
0.000781983
0.000312824
