0.647369
0.76604
0.829871
0.873427
0.906476
0.93315
0.955545
0.974859
0.991838
1.00697
1.02061
1.03298
1.04426
1.0546
1.06408
1.07279
1.08077
1.08808
1.09474
1.10076
1.10618
1.111
1.11523
1.11889
1.12198
1.12452
1.12653
1.12802
1.129
1.12949
1.12949
1.129
1.12802
1.12653
1.12452
1.12198
1.11888
1.11522
1.11099
1.10617
1.10075
1.09471
1.08806
1.08075
1.07276
1.06406
1.05457
1.04424
1.03295
1.02058
1.00696
0.991825
0.974852
0.955544
0.933156
0.906491
0.873452
0.829906
0.766085
0.647419
