/*--------------------------------*- C++ -*----------------------------------*\
| =========                 |                                                 |
| \\      /  F ield         | OpenFOAM: The Open Source CFD Toolbox           |
|  \\    /   O peration     | Version:  2.3.0                                 |
|   \\  /    A nd           | Web:      www.OpenFOAM.org                      |
|    \\/     M anipulation  |                                                 |
\*---------------------------------------------------------------------------*/
FoamFile
{
    version     2.0;
    format      ascii;
    class       volSymmTensorField;
    location    "400";
    object      R;
}
// * * * * * * * * * * * * * * * * * * * * * * * * * * * * * * * * * * * * * //

dimensions      [0 2 -2 0 0 0 0];

internalField   nonuniform List<symmTensor> 
600
(
(0.00841066 -0.0126159 4.23988e-08 0.00841067 7.24785e-11 0.00841067)
(0.00841066 -0.0126159 4.46226e-08 0.00841067 6.7558e-11 0.00841067)
(0.00841073 -0.012616 4.23914e-08 0.00841074 4.93608e-11 0.00841073)
(0.00841073 -0.012616 4.23915e-08 0.00841073 3.82747e-11 0.00841073)
(0.00841073 -0.012616 4.23899e-08 0.00841073 1.08975e-11 0.00841073)
(0.00841074 -0.012616 4.23905e-08 0.00841073 -4.06554e-11 0.00841073)
(0.00841074 -0.012616 4.2395e-08 0.00841073 -8.41215e-11 0.00841073)
(0.00841074 -0.012616 4.24011e-08 0.00841073 -8.96253e-11 0.00841073)
(0.00841074 -0.012616 4.24071e-08 0.00841073 -5.0926e-11 0.00841073)
(0.00841067 -0.0126158 4.24073e-08 0.00841067 2.47822e-11 0.00841067)
(0.00477367 -0.00204791 5.4527e-12 0.00477367 -1.00864e-10 0.00477367)
(0.00477366 -0.00204792 1.69685e-13 0.00477366 -3.61891e-11 0.00477366)
(0.00477367 -0.00204784 -8.61168e-13 0.00477367 4.16853e-11 0.00477367)
(0.00477366 -0.00204784 -2.35679e-12 0.00477366 7.4543e-11 0.00477366)
(0.00477365 -0.00204782 -6.65633e-12 0.00477365 7.19358e-11 0.00477365)
(0.00477363 -0.00204781 -9.17553e-12 0.00477363 5.12838e-11 0.00477363)
(0.00477361 -0.0020478 -6.24493e-12 0.00477361 2.52299e-11 0.00477361)
(0.00477358 -0.00204787 5.36566e-13 0.00477358 -5.3449e-12 0.00477358)
(0.00477356 -0.00204786 8.30956e-12 0.00477356 -2.96655e-11 0.00477356)
(0.00477354 -0.00204785 1.08257e-11 0.00477354 -8.54286e-11 0.00477354)
(0.0024667 -0.000619256 -5.29405e-08 0.0024667 -5.82694e-11 0.0024667)
(0.00246671 -0.000619225 -5.29373e-08 0.00246669 -1.88443e-11 0.00246669)
(0.00246669 -0.000619195 -5.29378e-08 0.00246667 3.3502e-11 0.00246667)
(0.00246666 -0.000619179 -5.29433e-08 0.00246666 5.12248e-11 0.00246666)
(0.00246665 -0.00061917 -5.29501e-08 0.00246665 3.78361e-11 0.00246665)
(0.00246665 -0.000619168 -5.29529e-08 0.00246665 1.86768e-11 0.00246665)
(0.00246664 -0.000619171 -5.29503e-08 0.00246666 4.32124e-12 0.00246666)
(0.00246664 -0.000619171 -5.29432e-08 0.00246666 -5.72659e-12 0.00246666)
(0.00246666 -0.000619169 -5.29375e-08 0.00246666 -9.96951e-12 0.00246666)
(0.00246666 -0.000619169 -5.29351e-08 0.00246666 -4.62501e-11 0.00246666)
(0.00246698 0.000619442 -7.9429e-08 0.00246698 5.80837e-11 0.00246698)
(0.00246697 0.000619408 -7.9424e-08 0.00246697 1.80773e-11 0.00246697)
(0.00246696 0.000619307 -5.29473e-08 0.00246696 -3.44254e-11 0.00246696)
(0.00246694 0.000619287 -5.29526e-08 0.00246694 -5.17409e-11 0.00246694)
(0.00246693 0.000619278 -5.29594e-08 0.00246693 -3.77233e-11 0.00246693)
(0.00246693 0.000619276 -5.29622e-08 0.00246693 -1.84175e-11 0.00246693)
(0.00246694 0.000619277 -5.29593e-08 0.00246694 -4.08906e-12 0.00246694)
(0.00246694 0.000619351 -7.94275e-08 0.00246694 5.99336e-12 0.00246694)
(0.00246695 0.000619355 -7.94224e-08 0.00246695 1.03378e-11 0.00246695)
(0.00246694 0.000619351 -7.94196e-08 0.00246694 4.67825e-11 0.00246694)
(0.00477409 0.00204807 5.24271e-12 0.00477409 1.00888e-10 0.00477409)
(0.00477407 0.00204807 -2.02143e-14 0.00477407 3.44227e-11 0.00477407)
(0.00477407 0.00204807 -9.01748e-13 0.00477407 -4.50548e-11 0.00477407)
(0.00477407 0.00204806 -2.20903e-12 0.00477407 -7.72758e-11 0.00477407)
(0.00477405 0.00204805 -6.48497e-12 0.00477405 -7.27397e-11 0.00477405)
(0.00477403 0.00204803 -9.06386e-12 0.00477403 -5.07539e-11 0.00477403)
(0.00477401 0.00204803 -6.20671e-12 0.00477401 -2.36572e-11 0.00477401)
(0.00477399 0.00204801 5.19806e-13 0.00477399 6.62315e-12 0.00477399)
(0.00477397 0.00204801 8.35057e-12 0.00477397 3.05672e-11 0.00477397)
(0.00477395 0.00204799 1.0773e-11 0.00477395 8.71837e-11 0.00477395)
(0.00841073 0.012616 4.23988e-08 0.00841073 -7.23874e-11 0.00841073)
(0.00841073 0.012616 4.23913e-08 0.00841073 -6.60616e-11 0.00841073)
(0.0084108 0.0126161 4.23915e-08 0.0084108 -4.68839e-11 0.0084108)
(0.0084108 0.0126161 4.23918e-08 0.0084108 -3.648e-11 0.0084108)
(0.0084108 0.0126161 4.46216e-08 0.0084108 -1.04236e-11 0.0084108)
(0.0084108 0.0126161 4.23908e-08 0.0084108 4.02318e-11 0.0084108)
(0.0084108 0.0126161 4.23953e-08 0.0084108 8.30732e-11 0.0084108)
(0.0084108 0.0126161 4.24012e-08 0.0084108 8.8666e-11 0.0084108)
(0.0084108 0.0126161 4.24073e-08 0.0084108 5.01773e-11 0.0084108)
(0.00841073 0.012616 4.46388e-08 0.00841073 -2.61101e-11 0.00841073)
(0.0084104 -0.0126156 9.59539e-08 0.0084104 1.71913e-10 0.0084104)
(0.0084104 -0.0126156 9.37052e-08 0.0084104 1.62457e-10 0.0084104)
(0.0084104 -0.0126156 9.59361e-08 0.0084104 1.23566e-10 0.0084104)
(0.0084104 -0.0126156 9.37048e-08 0.0084104 1.00272e-10 0.0084104)
(0.0084104 -0.0126156 9.5932e-08 0.0084104 3.21696e-11 0.0084104)
(0.0084104 -0.0126156 9.37018e-08 0.0084104 -9.65868e-11 0.0084104)
(0.0084104 -0.0126156 9.37126e-08 0.0084104 -2.05648e-10 0.0084104)
(0.0084104 -0.0126156 9.37271e-08 0.0084104 -2.20373e-10 0.0084104)
(0.0084104 -0.0126156 9.37417e-08 0.0084104 -1.26289e-10 0.0084104)
(0.0084104 -0.0126156 9.37431e-08 0.0084104 5.51432e-11 0.0084104)
(0.00477237 -0.00204743 2.7785e-08 0.00477237 -2.34565e-10 0.00477237)
(0.00477237 -0.00204744 2.77728e-08 0.00477237 -7.76448e-11 0.00477237)
(0.00477237 -0.00204744 2.77705e-08 0.00477237 1.0475e-10 0.00477237)
(0.00477237 -0.00204744 2.77664e-08 0.00477237 1.80735e-10 0.00477237)
(0.00477236 -0.00204743 2.77552e-08 0.00477236 1.74239e-10 0.00477236)
(0.00477235 -0.00204742 2.77487e-08 0.00477235 1.23184e-10 0.00477235)
(0.00477233 -0.00204742 2.77557e-08 0.00477233 5.68646e-11 0.00477233)
(0.0047723 -0.0020474 2.77722e-08 0.0047723 -2.10197e-11 0.0047723)
(0.00477228 -0.00204739 2.77909e-08 0.00477228 -8.27588e-11 0.00477228)
(0.00477226 -0.00204738 2.7797e-08 0.00477226 -2.07763e-10 0.00477226)
(0.00246486 -0.000618707 -1.32186e-07 0.00246486 -1.33808e-10 0.00246486)
(0.00246485 -0.000618681 -1.3218e-07 0.00246485 -4.10766e-11 0.00246485)
(0.00246484 -0.000618582 -1.58621e-07 0.00246484 7.8515e-11 0.00246484)
(0.00246483 -0.000618566 -1.58633e-07 0.00246483 1.18912e-10 0.00246483)
(0.00246483 -0.000618563 -1.58651e-07 0.00246483 9.01668e-11 0.00246483)
(0.00246483 -0.000618561 -1.58658e-07 0.00246483 4.55699e-11 0.00246483)
(0.00246483 -0.000618561 -1.58652e-07 0.00246483 1.08181e-11 0.00246483)
(0.00246483 -0.000618635 -1.32196e-07 0.00246483 -1.59597e-11 0.00246483)
(0.00246483 -0.000618633 -1.32182e-07 0.00246483 -2.9143e-11 0.00246483)
(0.00246482 -0.000618629 -1.32174e-07 0.00246482 -1.0933e-10 0.00246482)
(0.00246514 0.000618818 -1.3221e-07 0.00246514 1.33501e-10 0.00246514)
(0.00246515 0.000618789 -1.32203e-07 0.00246513 3.98952e-11 0.00246513)
(0.00246514 0.000618765 -1.32205e-07 0.00246512 -8.00225e-11 0.00246512)
(0.00246511 0.000618748 -1.32218e-07 0.00246511 -1.19692e-10 0.00246511)
(0.0024651 0.000618743 -1.32235e-07 0.0024651 -8.97774e-11 0.0024651)
(0.0024651 0.00061874 -1.32243e-07 0.0024651 -4.49621e-11 0.0024651)
(0.00246509 0.000618741 -1.32236e-07 0.00246511 -1.03913e-11 0.00246511)
(0.00246509 0.000618741 -1.32219e-07 0.00246511 1.61777e-11 0.00246511)
(0.00246511 0.000618741 -1.32205e-07 0.00246511 2.95636e-11 0.00246511)
(0.0024651 0.000618737 -1.32197e-07 0.0024651 1.10187e-10 0.0024651)
(0.00477278 0.00204765 2.77882e-08 0.00477278 2.35011e-10 0.00477278)
(0.00477277 0.00204766 2.7776e-08 0.00477277 7.44394e-11 0.00477277)
(0.00477277 0.00204758 2.7774e-08 0.00477277 -1.11191e-10 0.00477277)
(0.00477277 0.00204758 2.77702e-08 0.00477277 -1.85694e-10 0.00477277)
(0.00477276 0.00204757 2.77589e-08 0.00477276 -1.75828e-10 0.00477276)
(0.00477275 0.00204757 2.77523e-08 0.00477275 -1.22324e-10 0.00477275)
(0.00477273 0.00204755 2.77592e-08 0.00477273 -5.41347e-11 0.00477273)
(0.0047727 0.00204762 2.77757e-08 0.0047727 2.27455e-11 0.0047727)
(0.00477268 0.00204761 2.77945e-08 0.00477268 8.40087e-11 0.00477268)
(0.00477266 0.00204761 2.78004e-08 0.00477266 2.1133e-10 0.00477266)
(0.00841046 0.0126157 9.37226e-08 0.00841047 -1.72119e-10 0.00841047)
(0.00841046 0.0126157 9.59367e-08 0.00841047 -1.59864e-10 0.00841047)
(0.00841046 0.0126157 9.37052e-08 0.00841047 -1.18884e-10 0.00841047)
(0.00841047 0.0126157 9.59371e-08 0.00841047 -9.69733e-11 0.00841047)
(0.00841047 0.0126157 9.37013e-08 0.00841047 -3.12879e-11 0.00841047)
(0.00841047 0.0126157 9.59337e-08 0.00841047 9.58857e-11 0.00841047)
(0.00841047 0.0126157 9.3713e-08 0.00841047 2.03881e-10 0.00841047)
(0.00841047 0.0126157 9.37278e-08 0.00841047 2.19062e-10 0.00841047)
(0.00841047 0.0126157 9.37421e-08 0.00841047 1.25223e-10 0.00841047)
(0.00841047 0.0126157 9.37434e-08 0.00841047 -5.77818e-11 0.00841047)
(0.00841 -0.012615 8.4794e-08 0.00841 1.77808e-10 0.00841)
(0.00841 -0.012615 8.47769e-08 0.00841 1.72701e-10 0.00841)
(0.00841006 -0.0126152 8.47784e-08 0.00841007 1.39869e-10 0.00841007)
(0.00841006 -0.0126152 8.70098e-08 0.00841007 1.20088e-10 0.00841007)
(0.00841007 -0.0126152 8.47733e-08 0.00841007 4.38214e-11 0.00841007)
(0.00841007 -0.0126152 8.70054e-08 0.00841007 -1.00984e-10 0.00841007)
(0.00841007 -0.0126152 8.47856e-08 0.00841007 -2.24189e-10 0.00841007)
(0.00841007 -0.0126152 8.48013e-08 0.00841007 -2.42306e-10 0.00841007)
(0.00841007 -0.0126152 8.4816e-08 0.00841007 -1.40456e-10 0.00841007)
(0.00841 -0.012615 8.48155e-08 0.00841 5.13383e-11 0.00841)
(0.00477083 -0.00204689 2.77737e-08 0.00477083 -2.35436e-10 0.00477083)
(0.00477083 -0.0020469 2.77614e-08 0.00477083 -6.9702e-11 0.00477083)
(0.00477084 -0.00204692 2.77592e-08 0.00477084 1.14827e-10 0.00477084)
(0.00477085 -0.00204692 2.77538e-08 0.00477085 1.92407e-10 0.00477085)
(0.00477084 -0.00204691 2.77407e-08 0.00477084 1.87076e-10 0.00477084)
(0.00477083 -0.00204691 2.77332e-08 0.00477083 1.31583e-10 0.00477083)
(0.00477081 -0.0020469 2.77411e-08 0.00477081 5.55451e-11 0.00477081)
(0.00477079 -0.00204689 2.77594e-08 0.00477079 -3.43523e-11 0.00477079)
(0.00477077 -0.00204688 2.77795e-08 0.00477077 -1.05464e-10 0.00477077)
(0.00477075 -0.00204687 2.77861e-08 0.00477075 -2.22735e-10 0.00477075)
(0.00246277 -0.000618058 -1.05594e-07 0.00246277 -1.3116e-10 0.00246277)
(0.00246276 -0.000618035 -1.0559e-07 0.00246276 -3.81812e-11 0.00246276)
(0.00246275 -0.000618013 -1.05593e-07 0.00246275 7.78694e-11 0.00246275)
(0.00246274 -0.000618002 -1.05608e-07 0.00246274 1.18365e-10 0.00246274)
(0.00246273 -0.000617996 -1.05628e-07 0.00246273 9.39961e-11 0.00246273)
(0.00246273 -0.000617994 -1.05637e-07 0.00246273 5.00707e-11 0.00246273)
(0.00246273 -0.000617994 -1.0563e-07 0.00246273 1.31059e-11 0.00246273)
(0.00246273 -0.000617994 -1.05612e-07 0.00246273 -1.96119e-11 0.00246273)
(0.00246273 -0.000617991 -1.05595e-07 0.00246273 -3.86871e-11 0.00246273)
(0.00246272 -0.000617987 -1.05586e-07 0.00246272 -1.12425e-10 0.00246272)
(0.00246303 0.000618234 -1.05611e-07 0.00246303 1.30875e-10 0.00246303)
(0.00246303 0.000618214 -1.05607e-07 0.00246303 3.7115e-11 0.00246303)
(0.00246302 0.000618192 -1.32017e-07 0.00246302 -7.91857e-11 0.00246302)
(0.00246301 0.000618178 -1.32032e-07 0.00246301 -1.18881e-10 0.00246301)
(0.00246301 0.000618176 -1.32051e-07 0.00246301 -9.35512e-11 0.00246301)
(0.00246301 0.000618173 -1.32061e-07 0.00246301 -4.93468e-11 0.00246301)
(0.00246301 0.000618173 -1.32054e-07 0.00246301 -1.26422e-11 0.00246301)
(0.002463 0.00061817 -1.05629e-07 0.002463 1.96138e-11 0.002463)
(0.002463 0.00061817 -1.05612e-07 0.002463 3.88901e-11 0.002463)
(0.00246299 0.000618166 -1.05604e-07 0.00246299 1.13152e-10 0.00246299)
(0.00477123 0.00204703 2.77768e-08 0.00477123 2.3624e-10 0.00477123)
(0.00477123 0.00204705 2.77645e-08 0.00477123 6.69235e-11 0.00477123)
(0.00477123 0.00204705 2.77626e-08 0.00477123 -1.20392e-10 0.00477123)
(0.00477124 0.00204706 2.77574e-08 0.00477124 -1.96344e-10 0.00477124)
(0.00477123 0.00204705 2.77443e-08 0.00477123 -1.88291e-10 0.00477123)
(0.00477122 0.00204705 2.77368e-08 0.00477122 -1.31019e-10 0.00477122)
(0.0047712 0.00204704 2.77444e-08 0.0047712 -5.35763e-11 0.0047712)
(0.00477118 0.00204702 2.77628e-08 0.00477118 3.53248e-11 0.00477118)
(0.00477116 0.00204702 2.7783e-08 0.00477116 1.06374e-10 0.00477116)
(0.00477114 0.00204701 2.77895e-08 0.00477114 2.26075e-10 0.00477114)
(0.00841007 0.0126151 8.70254e-08 0.00841007 -1.78319e-10 0.00841007)
(0.00841006 0.0126151 8.70083e-08 0.00841007 -1.70557e-10 0.00841007)
(0.00841006 0.0126151 8.70089e-08 0.00841007 -1.35883e-10 0.00841007)
(0.00841013 0.0126153 8.4779e-08 0.00841013 -1.1747e-10 0.00841013)
(0.00841013 0.0126153 8.47739e-08 0.00841013 -4.29633e-11 0.00841013)
(0.00841014 0.0126153 8.47745e-08 0.00841013 1.00545e-10 0.00841013)
(0.00841013 0.0126153 8.70173e-08 0.00841013 2.22965e-10 0.00841013)
(0.00841014 0.0126153 8.48016e-08 0.00841013 2.41616e-10 0.00841013)
(0.00841007 0.0126151 8.48153e-08 0.00841007 1.39734e-10 0.00841007)
(0.00841007 0.0126151 8.48158e-08 0.00841007 -5.37055e-11 0.00841007)
(0.0084098 -0.0126149 4.90912e-08 0.0084098 1.23067e-10 0.0084098)
(0.0084098 -0.0126149 5.13112e-08 0.0084098 1.23341e-10 0.0084098)
(0.0084098 -0.0126149 4.90805e-08 0.0084098 1.05594e-10 0.0084098)
(0.0084098 -0.0126149 5.13116e-08 0.0084098 9.4372e-11 0.0084098)
(0.0084098 -0.0126148 4.90761e-08 0.0084098 3.73076e-11 0.0084098)
(0.0084098 -0.0126148 5.13077e-08 0.0084098 -7.10754e-11 0.0084098)
(0.0084098 -0.0126148 5.13159e-08 0.0084098 -1.6343e-10 0.0084098)
(0.0084098 -0.0126149 4.90961e-08 0.0084098 -1.78024e-10 0.0084098)
(0.0084098 -0.0126149 5.13375e-08 0.0084098 -1.04272e-10 0.0084098)
(0.0084098 -0.0126149 4.91061e-08 0.0084098 3.21238e-11 0.0084098)
(0.00476973 -0.00204641 1.11793e-11 0.00476973 -1.58219e-10 0.00476973)
(0.00476973 -0.00204643 2.74041e-12 0.00476973 -4.32582e-11 0.00476973)
(0.00476975 -0.00204644 1.00593e-12 0.00476975 8.12841e-11 0.00476975)
(0.00476976 -0.00204645 -3.59231e-12 0.00476976 1.35516e-10 0.00476976)
(0.00476976 -0.00204645 -1.36817e-11 0.00476976 1.3344e-10 0.00476976)
(0.00476975 -0.00204645 -1.92377e-11 0.00476975 9.44395e-11 0.00476975)
(0.00476973 -0.00204644 -1.34063e-11 0.00476973 3.73555e-11 0.00476973)
(0.00476971 -0.00204643 2.86169e-13 0.00476971 -3.08533e-11 0.00476971)
(0.00476969 -0.00204642 1.49022e-11 0.00476969 -8.49628e-11 0.00476969)
(0.00476967 -0.0020464 1.98029e-11 0.00476967 -1.58329e-10 0.00476967)
(0.00246136 -0.000617619 -5.27416e-08 0.00246136 -8.56475e-11 0.00246136)
(0.00246135 -0.000617601 -5.27405e-08 0.00246135 -2.46713e-11 0.00246135)
(0.00246135 -0.000617585 -5.27437e-08 0.00246135 5.03761e-11 0.00246135)
(0.00246134 -0.000617574 -5.27546e-08 0.00246134 7.83116e-11 0.00246134)
(0.00246134 -0.000617571 -5.27693e-08 0.00246134 6.51911e-11 0.00246134)
(0.00246134 -0.000617569 -5.27767e-08 0.00246134 3.69132e-11 0.00246134)
(0.00246133 -0.000617566 -5.27719e-08 0.00246133 1.08738e-11 0.00246133)
(0.00246133 -0.000617566 -5.27587e-08 0.00246133 -1.48373e-11 0.00246133)
(0.00246133 -0.000617565 -5.27459e-08 0.00246133 -3.16263e-11 0.00246133)
(0.00246131 -0.000617558 -5.27386e-08 0.00246131 -7.71139e-11 0.00246131)
(0.00246163 0.000617723 -7.91337e-08 0.00246163 8.53969e-11 0.00246163)
(0.00246162 0.000617702 -7.91315e-08 0.00246162 2.36968e-11 0.00246162)
(0.00246161 0.000617686 -7.9134e-08 0.00246161 -5.14075e-11 0.00246161)
(0.00246161 0.000617675 -7.91445e-08 0.00246161 -7.86717e-11 0.00246161)
(0.0024616 0.000617669 -7.91587e-08 0.0024616 -6.48965e-11 0.0024616)
(0.0024616 0.000617669 -7.91663e-08 0.0024616 -3.6443e-11 0.0024616)
(0.0024616 0.000617667 -7.91615e-08 0.0024616 -1.05158e-11 0.0024616)
(0.00246159 0.000617666 -7.91482e-08 0.00246159 1.49464e-11 0.00246159)
(0.00246159 0.000617666 -7.91354e-08 0.00246159 3.1917e-11 0.00246159)
(0.00246158 0.000617659 -7.91279e-08 0.00246158 7.77105e-11 0.00246158)
(0.00477013 0.00204663 1.09537e-11 0.00477013 1.58664e-10 0.00477013)
(0.00477013 0.00204665 2.51986e-12 0.00477013 4.11687e-11 0.00477013)
(0.00477014 0.00204666 9.84548e-13 0.00477014 -8.49864e-11 0.00477014)
(0.00477015 0.00204666 -3.44409e-12 0.00477015 -1.38066e-10 0.00477015)
(0.00477015 0.00204666 -1.35353e-11 0.00477015 -1.34522e-10 0.00477015)
(0.00477013 0.00204665 -1.91397e-11 0.00477013 -9.42048e-11 0.00477013)
(0.00477011 0.00204665 -1.33886e-11 0.00477011 -3.61831e-11 0.00477011)
(0.00477009 0.00204664 2.80374e-13 0.00477009 3.1699e-11 0.00477009)
(0.00477007 0.00204663 1.49851e-11 0.00477007 8.59039e-11 0.00477007)
(0.00477005 0.00204662 1.97831e-11 0.00477005 1.60603e-10 0.00477005)
(0.00840987 0.012615 5.13227e-08 0.00840987 -1.23323e-10 0.00840987)
(0.00840986 0.012615 5.13114e-08 0.00840987 -1.21759e-10 0.00840987)
(0.00840986 0.0126149 5.1312e-08 0.00840987 -1.02986e-10 0.00840987)
(0.00840986 0.0126149 4.90807e-08 0.00840987 -9.26896e-11 0.00840987)
(0.00840987 0.0126149 5.13079e-08 0.00840987 -3.66629e-11 0.00840987)
(0.00840987 0.0126149 4.90768e-08 0.00840987 7.08509e-11 0.00840987)
(0.00840987 0.0126149 5.13163e-08 0.00840987 1.62713e-10 0.00840987)
(0.00840987 0.0126149 5.13276e-08 0.00840987 1.7748e-10 0.00840987)
(0.00840987 0.0126149 4.91065e-08 0.00840987 1.03597e-10 0.00840987)
(0.00840987 0.012615 5.13377e-08 0.00840987 -3.36701e-11 0.00840987)
(0.00840967 -0.0126147 1.56198e-08 0.00840967 4.38624e-11 0.00840967)
(0.00840966 -0.0126147 1.56159e-08 0.00840967 4.47933e-11 0.00840967)
(0.00840966 -0.0126147 1.78475e-08 0.00840967 3.94847e-11 0.00840967)
(0.00840966 -0.0126146 1.56161e-08 0.00840967 3.59674e-11 0.00840967)
(0.00840967 -0.0126146 1.78457e-08 0.00840967 1.46449e-11 0.00840967)
(0.00840967 -0.0126146 1.56145e-08 0.00840967 -2.56563e-11 0.00840967)
(0.00840967 -0.0126146 1.56175e-08 0.00840967 -5.99522e-11 0.00840967)
(0.00840967 -0.0126146 1.56216e-08 0.00840967 -6.55478e-11 0.00840967)
(0.00840967 -0.0126147 1.56253e-08 0.00840967 -3.86171e-11 0.00840967)
(0.00840967 -0.0126147 1.56251e-08 0.00840967 1.08521e-11 0.00840967)
(0.00476923 -0.00204622 4.12991e-12 0.00476923 -5.504e-11 0.00476923)
(0.00476923 -0.00204625 1.18194e-12 0.00476923 -1.44818e-11 0.00476923)
(0.00476925 -0.00204626 5.44505e-13 0.00476925 2.88948e-11 0.00476925)
(0.00476926 -0.00204628 -1.26508e-12 0.00476926 4.82682e-11 0.00476926)
(0.00476926 -0.00204627 -5.07352e-12 0.00476926 4.78156e-11 0.00476926)
(0.00476925 -0.00204628 -7.13838e-12 0.00476925 3.42103e-11 0.00476925)
(0.00476923 -0.00204627 -4.99037e-12 0.00476923 1.31654e-11 0.00476923)
(0.00476921 -0.00204625 5.42079e-14 0.00476921 -1.21932e-11 0.00476921)
(0.00476919 -0.00204624 5.38926e-12 0.00476919 -3.24072e-11 0.00476919)
(0.00476917 -0.00204623 7.1671e-12 0.00476917 -5.68469e-11 0.00476917)
(0.00246074 -0.000617435 -2.6362e-08 0.00246074 -2.91765e-11 0.00246074)
(0.00246074 -0.00061742 -2.63616e-08 0.00246074 -8.46565e-12 0.00246074)
(0.00246073 -0.000617401 -2.63623e-08 0.00246073 1.69694e-11 0.00246073)
(0.00246073 -0.000617396 -2.63663e-08 0.00246073 2.68557e-11 0.00246073)
(0.00246072 -0.00061739 -2.63715e-08 0.00246072 2.30489e-11 0.00246072)
(0.00246072 -0.000617387 -2.63743e-08 0.00246072 1.35682e-11 0.00246072)
(0.00246072 -0.000617387 -2.63727e-08 0.00246072 4.27384e-12 0.00246072)
(0.00246071 -0.000617387 -2.63679e-08 0.00246071 -5.39323e-12 0.00246071)
(0.00246071 -0.000617383 -2.6363e-08 0.00246071 -1.20718e-11 0.00246071)
(0.00246069 -0.000617376 -2.63601e-08 0.00246069 -2.71289e-11 0.00246069)
(0.00246101 0.000617539 -2.63664e-08 0.00246101 2.90828e-11 0.00246101)
(0.002461 0.00061752 -2.63659e-08 0.002461 8.15811e-12 0.002461)
(0.00246099 0.000617505 -2.63667e-08 0.00246099 -1.72602e-11 0.00246099)
(0.00246099 0.000617494 -2.63705e-08 0.00246099 -2.69615e-11 0.00246099)
(0.00246098 0.000617488 -2.63757e-08 0.00246098 -2.29115e-11 0.00246098)
(0.00246098 0.000617488 -2.63786e-08 0.00246098 -1.34559e-11 0.00246098)
(0.00246098 0.000617488 -2.6377e-08 0.00246098 -4.17146e-12 0.00246098)
(0.00246097 0.000617485 -2.63721e-08 0.00246097 5.45589e-12 0.00246097)
(0.00246097 0.000617481 -2.63672e-08 0.00246097 1.22002e-11 0.00246097)
(0.00246096 0.000617478 -2.63644e-08 0.00246096 2.73103e-11 0.00246096)
(0.00476961 0.00204644 4.05596e-12 0.00476961 5.51721e-11 0.00476961)
(0.00476961 0.00204647 1.11156e-12 0.00476961 1.37645e-11 0.00476961)
(0.00476963 0.00204648 5.35633e-13 0.00476963 -3.01314e-11 0.00476963)
(0.00476964 0.00204648 -1.21844e-12 0.00476964 -4.91485e-11 0.00476964)
(0.00476964 0.00204648 -5.02519e-12 0.00476964 -4.84802e-11 0.00476964)
(0.00476963 0.00204648 -7.10783e-12 0.00476963 -3.42026e-11 0.00476963)
(0.00476961 0.00204647 -4.97978e-12 0.00476961 -1.27881e-11 0.00476961)
(0.00476959 0.00204646 5.90218e-14 0.00476959 1.25299e-11 0.00476959)
(0.00476957 0.00204645 5.41321e-12 0.00476957 3.27781e-11 0.00476957)
(0.00476955 0.00204645 7.1555e-12 0.00476955 5.7601e-11 0.00476955)
(0.00840973 0.0126147 1.56198e-08 0.00840973 -4.39373e-11 0.00840973)
(0.00840973 0.0126147 1.56159e-08 0.00840973 -4.42733e-11 0.00840973)
(0.00840973 0.0126147 1.56163e-08 0.00840974 -3.86317e-11 0.00840973)
(0.00840973 0.0126148 1.78474e-08 0.00840973 -3.5359e-11 0.00840973)
(0.00840973 0.0126147 1.56146e-08 0.00840973 -1.44313e-11 0.00840973)
(0.00840974 0.0126147 1.56146e-08 0.00840973 2.5579e-11 0.00840973)
(0.00840974 0.0126147 1.56176e-08 0.00840973 5.97124e-11 0.00840973)
(0.00840973 0.0126147 1.56217e-08 0.00840973 6.53151e-11 0.00840973)
(0.00840974 0.0126147 1.78566e-08 0.00840973 3.83432e-11 0.00840973)
(0.00840974 0.0126147 1.56252e-08 0.00840973 -1.13434e-11 0.00840973)
(0.00840967 -0.0126147 -1.33885e-08 0.00840967 -4.05123e-11 0.00840967)
(0.00840967 -0.0126147 -1.56161e-08 0.00840967 -4.13893e-11 0.00840967)
(0.00840966 -0.0126147 -1.33852e-08 0.00840967 -3.65702e-11 0.00840967)
(0.00840966 -0.0126146 -1.56163e-08 0.00840967 -3.34209e-11 0.00840967)
(0.00840967 -0.0126146 -1.33835e-08 0.00840967 -1.37208e-11 0.00840967)
(0.00840967 -0.0126146 -1.56148e-08 0.00840967 2.36328e-11 0.00840967)
(0.00840967 -0.0126146 -1.56176e-08 0.00840967 5.54787e-11 0.00840967)
(0.00840967 -0.0126146 -1.33902e-08 0.00840967 6.07482e-11 0.00840967)
(0.00840967 -0.0126147 -1.56248e-08 0.00840967 3.5865e-11 0.00840967)
(0.00840967 -0.0126147 -1.33934e-08 0.00840967 -9.93605e-12 0.00840967)
(0.00476922 -0.00204622 -3.82313e-12 0.00476922 5.10161e-11 0.00476922)
(0.00476922 -0.00204624 -1.10294e-12 0.00476922 1.3465e-11 0.00476922)
(0.00476924 -0.00204627 -5.23987e-13 0.00476924 -2.672e-11 0.00476924)
(0.00476925 -0.00204627 1.15319e-12 0.00476925 -4.47005e-11 0.00476925)
(0.00476925 -0.00204628 4.69199e-12 0.00476925 -4.43274e-11 0.00476925)
(0.00476924 -0.00204627 6.61775e-12 0.00476924 -3.17538e-11 0.00476924)
(0.00476923 -0.00204626 4.63628e-12 0.00476923 -1.22702e-11 0.00476923)
(0.0047692 -0.00204624 -3.53026e-14 0.0047692 1.12349e-11 0.0047692)
(0.00476918 -0.00204624 -4.98096e-12 0.00476918 2.99957e-11 0.00476918)
(0.00476916 -0.00204623 -6.63253e-12 0.00476916 5.2661e-11 0.00476916)
(0.00246073 -0.000617432 2.63623e-08 0.00246073 2.70248e-11 0.00246073)
(0.00246073 -0.000617413 2.63617e-08 0.00246073 7.85563e-12 0.00246073)
(0.00246072 -0.0006174 2.63625e-08 0.00246072 -1.57006e-11 0.00246072)
(0.00246071 -0.000617389 2.63659e-08 0.00246071 -2.48644e-11 0.00246071)
(0.00246071 -0.000617387 2.63709e-08 0.00246071 -2.13603e-11 0.00246071)
(0.00246071 -0.000617387 2.63736e-08 0.00246071 -1.25892e-11 0.00246071)
(0.00246071 -0.000617383 2.63721e-08 0.00246071 -3.98703e-12 0.00246071)
(0.0024607 -0.00061738 2.63675e-08 0.0024607 4.97175e-12 0.0024607)
(0.00246069 -0.000617377 2.63629e-08 0.00246069 1.11718e-11 0.00246069)
(0.00246069 -0.000617376 2.63605e-08 0.00246069 2.51239e-11 0.00246069)
(0.002461 0.000617538 2.63668e-08 0.002461 -2.69397e-11 0.002461)
(0.00246099 0.000617517 2.63661e-08 0.00246099 -7.5628e-12 0.00246099)
(0.00246098 0.000617498 2.63667e-08 0.00246098 1.59749e-11 0.00246098)
(0.00246097 0.00061749 2.63702e-08 0.00246097 2.49628e-11 0.00246097)
(0.00246097 0.000617487 2.63752e-08 0.00246097 2.12186e-11 0.00246097)
(0.00246097 0.000617485 2.63778e-08 0.00246097 1.24807e-11 0.00246097)
(0.00246097 0.000617481 2.63762e-08 0.00246097 3.89106e-12 0.00246097)
(0.00246097 0.000617481 2.63718e-08 0.00246097 -5.03134e-12 0.00246097)
(0.00246096 0.00061748 2.63673e-08 0.00246096 -1.12918e-11 0.00246096)
(0.00246095 0.000617477 2.63648e-08 0.00246095 -2.52954e-11 0.00246095)
(0.00476961 0.00204644 -3.75384e-12 0.00476961 -5.11371e-11 0.00476961)
(0.00476961 0.00204646 -1.03723e-12 0.00476961 -1.27934e-11 0.00476961)
(0.00476962 0.00204647 -5.16005e-13 0.00476962 2.78764e-11 0.00476962)
(0.00476963 0.00204648 1.10878e-12 0.00476963 4.55237e-11 0.00476963)
(0.00476963 0.00204648 4.64656e-12 0.00476963 4.49539e-11 0.00476963)
(0.00476962 0.00204647 6.58994e-12 0.00476962 3.17481e-11 0.00476962)
(0.00476961 0.00204647 4.62651e-12 0.00476961 1.19181e-11 0.00476961)
(0.00476959 0.00204646 -3.98854e-14 0.00476959 -1.15504e-11 0.00476959)
(0.00476956 0.00204645 -5.00305e-12 0.00476956 -3.03442e-11 0.00476956)
(0.00476955 0.00204644 -6.62145e-12 0.00476955 -5.33622e-11 0.00476955)
(0.00840973 0.0126147 -1.56198e-08 0.00840973 4.05844e-11 0.00840973)
(0.00840973 0.0126147 -1.56162e-08 0.00840973 4.09037e-11 0.00840973)
(0.00840973 0.0126147 -1.56165e-08 0.00840974 3.57753e-11 0.00840973)
(0.00840973 0.0126147 -1.33851e-08 0.00840973 3.28533e-11 0.00840973)
(0.00840973 0.0126147 -1.33836e-08 0.00840973 1.35322e-11 0.00840973)
(0.00840974 0.0126147 -1.33837e-08 0.00840973 -2.35576e-11 0.00840973)
(0.00840974 0.0126147 -1.56177e-08 0.00840973 -5.52547e-11 0.00840973)
(0.00840974 0.0126147 -1.56215e-08 0.00840973 -6.05286e-11 0.00840973)
(0.00840974 0.0126147 -1.33936e-08 0.00840973 -3.56066e-11 0.00840973)
(0.00840973 0.0126147 -1.56247e-08 0.00840973 1.03954e-11 0.00840973)
(0.0084098 -0.0126149 -4.90913e-08 0.0084098 -1.20175e-10 0.0084098)
(0.0084098 -0.0126149 -4.90803e-08 0.0084098 -1.20575e-10 0.0084098)
(0.0084098 -0.0126149 -5.1312e-08 0.0084098 -1.03457e-10 0.0084098)
(0.0084098 -0.0126149 -4.90806e-08 0.0084098 -9.2616e-11 0.0084098)
(0.0084098 -0.0126149 -4.90765e-08 0.0084098 -3.67403e-11 0.0084098)
(0.0084098 -0.0126149 -4.90768e-08 0.0084098 6.9435e-11 0.0084098)
(0.0084098 -0.0126149 -4.90848e-08 0.0084098 1.59934e-10 0.0084098)
(0.0084098 -0.0126149 -4.68646e-08 0.0084098 1.74304e-10 0.0084098)
(0.0084098 -0.0126149 -4.91058e-08 0.0084098 1.02173e-10 0.0084098)
(0.0084098 -0.0126149 -4.91058e-08 0.0084098 -3.12073e-11 0.0084098)
(0.00476971 -0.0020464 -1.0944e-11 0.00476971 1.54439e-10 0.00476971)
(0.00476971 -0.00204641 -2.7133e-12 0.00476971 4.21777e-11 0.00476971)
(0.00476973 -0.00204644 -1.02274e-12 0.00476973 -7.939e-11 0.00476973)
(0.00476973 -0.00204644 3.49729e-12 0.00476973 -1.32427e-10 0.00476973)
(0.00476973 -0.00204644 1.33941e-11 0.00476973 -1.30515e-10 0.00476973)
(0.00476972 -0.00204643 1.88437e-11 0.00476972 -9.24199e-11 0.00476972)
(0.00476971 -0.00204642 1.31395e-11 0.00476971 -3.6536e-11 0.00476971)
(0.00476969 -0.00204642 -2.64418e-13 0.00476969 3.02783e-11 0.00476969)
(0.00476966 -0.0020464 -1.45663e-11 0.00476966 8.33091e-11 0.00476966)
(0.00476964 -0.0020464 -1.93628e-11 0.00476964 1.54775e-10 0.00476964)
(0.00246133 -0.000617605 5.27408e-08 0.00246133 8.35074e-11 0.00246133)
(0.00246132 -0.000617586 5.27397e-08 0.00246132 2.40598e-11 0.00246132)
(0.00246131 -0.000617571 5.27427e-08 0.00246131 -4.90911e-11 0.00246131)
(0.00246131 -0.00061756 5.27533e-08 0.00246131 -7.6384e-11 0.00246131)
(0.0024613 -0.000617554 5.27674e-08 0.0024613 -6.36862e-11 0.0024613)
(0.0024613 -0.000617551 5.27747e-08 0.0024613 -3.61459e-11 0.0024613)
(0.0024613 -0.000617551 5.27703e-08 0.0024613 -1.0699e-11 0.0024613)
(0.00246129 -0.000617551 5.27574e-08 0.00246129 1.45069e-11 0.00246129)
(0.00246129 -0.000617547 5.27446e-08 0.00246129 3.10194e-11 0.00246129)
(0.00246128 -0.000617544 5.27377e-08 0.00246128 7.53015e-11 0.00246128)
(0.00246159 0.000617709 7.91322e-08 0.00246159 -8.32596e-11 0.00246159)
(0.00246159 0.00061769 7.91303e-08 0.00246159 -2.31045e-11 0.00246159)
(0.00246158 0.000617672 7.91324e-08 0.00246158 5.01061e-11 0.00246158)
(0.00246157 0.00061766 7.91425e-08 0.00246157 7.67489e-11 0.00246157)
(0.00246157 0.000617655 7.91565e-08 0.00246157 6.34169e-11 0.00246157)
(0.00246157 0.000617655 7.9164e-08 0.00246157 3.56896e-11 0.00246157)
(0.00246157 0.000617655 7.91596e-08 0.00246157 1.03435e-11 0.00246157)
(0.00246156 0.000617652 7.91463e-08 0.00246156 -1.46268e-11 0.00246156)
(0.00246155 0.000617649 7.91334e-08 0.00246155 -3.13167e-11 0.00246155)
(0.00246155 0.000617645 7.91263e-08 0.00246155 -7.58967e-11 0.00246155)
(0.0047701 0.00204661 -1.07208e-11 0.0047701 -1.54879e-10 0.0047701)
(0.0047701 0.00204664 -2.49569e-12 0.0047701 -4.01081e-11 0.0047701)
(0.00477011 0.00204664 -1.00065e-12 0.00477011 8.30521e-11 0.00477011)
(0.00477012 0.00204665 3.3527e-12 0.00477012 1.34964e-10 0.00477012)
(0.00477012 0.00204665 1.32488e-11 0.00477012 1.31542e-10 0.00477012)
(0.00477011 0.00204665 1.87448e-11 0.00477011 9.218e-11 0.00477011)
(0.00477009 0.00204663 1.31198e-11 0.00477009 3.53702e-11 0.00477009)
(0.00477007 0.00204662 -2.60078e-13 0.00477007 -3.11477e-11 0.00477007)
(0.00477005 0.00204662 -1.46467e-11 0.00477005 -8.42651e-11 0.00477005)
(0.00477003 0.0020466 -1.93412e-11 0.00477003 -1.57024e-10 0.00477003)
(0.00840987 0.012615 -4.90913e-08 0.00840987 1.20418e-10 0.00840987)
(0.00840986 0.012615 -4.90803e-08 0.00840987 1.19015e-10 0.00840987)
(0.00840986 0.012615 -4.90811e-08 0.00840987 1.00884e-10 0.00840987)
(0.00840987 0.0126149 -5.13121e-08 0.00840987 9.09386e-11 0.00840987)
(0.00840987 0.0126149 -4.90768e-08 0.00840987 3.60772e-11 0.00840987)
(0.00840987 0.0126149 -4.90771e-08 0.00840987 -6.92161e-11 0.00840987)
(0.00840987 0.0126149 -4.90851e-08 0.00840987 -1.59216e-10 0.00840987)
(0.00840987 0.0126149 -4.90961e-08 0.00840987 -1.7374e-10 0.00840987)
(0.00840987 0.012615 -4.91062e-08 0.00840987 -1.01487e-10 0.00840987)
(0.00840987 0.012615 -4.9106e-08 0.00840987 3.27289e-11 0.00840987)
(0.00841 -0.012615 -8.4794e-08 0.00841 -1.76438e-10 0.00841)
(0.00841 -0.012615 -8.4777e-08 0.00841 -1.7157e-10 0.00841)
(0.00841 -0.012615 -8.47774e-08 0.00841 -1.39352e-10 0.00841)
(0.00841 -0.012615 -8.47775e-08 0.00841 -1.1995e-10 0.00841)
(0.00841007 -0.0126152 -8.47735e-08 0.00841007 -4.40241e-11 0.00841007)
(0.00841007 -0.0126152 -8.47742e-08 0.00841007 1.00219e-10 0.00841007)
(0.00841007 -0.0126152 -8.25543e-08 0.00841007 2.22988e-10 0.00841007)
(0.00841 -0.012615 -8.48001e-08 0.00841 2.41139e-10 0.00841)
(0.00841 -0.012615 -8.25834e-08 0.00841 1.39875e-10 0.00841)
(0.00841 -0.012615 -8.48152e-08 0.00841 -5.06858e-11 0.00841)
(0.00477078 -0.00204686 -2.77732e-08 0.00477078 2.33414e-10 0.00477078)
(0.00477078 -0.00204688 -2.77611e-08 0.00477078 6.88471e-11 0.00477078)
(0.00477079 -0.00204689 -2.77588e-08 0.00477079 -1.14142e-10 0.00477079)
(0.0047708 -0.0020469 -2.77535e-08 0.0047708 -1.91184e-10 0.0047708)
(0.00477079 -0.00204689 -2.77404e-08 0.00477079 -1.86028e-10 0.00477079)
(0.00477078 -0.00204689 -2.77329e-08 0.00477078 -1.30867e-10 0.00477078)
(0.00477076 -0.00204687 -2.77407e-08 0.00477076 -5.50859e-11 0.00477076)
(0.00477074 -0.00204687 -2.7759e-08 0.00477074 3.45548e-11 0.00477074)
(0.00477072 -0.00204686 -2.7779e-08 0.00477072 1.05484e-10 0.00477072)
(0.0047707 -0.00204684 -2.77856e-08 0.0047707 2.21415e-10 0.0047707)
(0.0024627 -0.00061803 1.05589e-07 0.0024627 1.29898e-10 0.0024627)
(0.00246269 -0.000618006 1.05585e-07 0.00246269 3.77701e-11 0.00246269)
(0.00246268 -0.000617987 1.05589e-07 0.00246268 -7.71287e-11 0.00246268)
(0.00246267 -0.000617974 1.05603e-07 0.00246267 -1.17302e-10 0.00246267)
(0.00246267 -0.000617968 1.05623e-07 0.00246267 -9.33328e-11 0.00246267)
(0.00246267 -0.000617968 1.05632e-07 0.00246267 -4.98586e-11 0.00246267)
(0.00246267 -0.000617966 1.05625e-07 0.00246267 -1.3122e-11 0.00246267)
(0.00246267 -0.000617966 1.05607e-07 0.00246267 1.95636e-11 0.00246267)
(0.00246266 -0.000617965 1.0559e-07 0.00246266 3.87406e-11 0.00246266)
(0.00246265 -0.000617961 1.05581e-07 0.00246265 1.11593e-10 0.00246265)
(0.00246297 0.000618208 1.05607e-07 0.00246297 -1.2961e-10 0.00246297)
(0.00246297 0.000618188 1.05603e-07 0.00246297 -3.66465e-11 0.00246297)
(0.00246295 0.000618166 1.05606e-07 0.00246295 7.8444e-11 0.00246295)
(0.00246294 0.000618152 1.05621e-07 0.00246294 1.17801e-10 0.00246294)
(0.00246294 0.000618147 1.05641e-07 0.00246294 9.29129e-11 0.00246294)
(0.00246294 0.000618147 1.0565e-07 0.00246294 4.91377e-11 0.00246294)
(0.00246294 0.000618145 1.05643e-07 0.00246294 1.2668e-11 0.00246294)
(0.00246293 0.000618141 1.05624e-07 0.00246293 -1.95504e-11 0.00246293)
(0.00246293 0.000618141 1.05608e-07 0.00246293 -3.89243e-11 0.00246293)
(0.00246293 0.000618141 1.05599e-07 0.00246293 -1.12301e-10 0.00246293)
(0.00477118 0.00204701 -2.77764e-08 0.00477118 -2.34248e-10 0.00477118)
(0.00477117 0.00204702 -2.77641e-08 0.00477117 -6.60551e-11 0.00477117)
(0.00477118 0.00204703 -2.77622e-08 0.00477118 1.197e-10 0.00477118)
(0.00477119 0.00204703 -2.7757e-08 0.00477119 1.95099e-10 0.00477119)
(0.00477118 0.00204702 -2.7744e-08 0.00477118 1.87117e-10 0.00477118)
(0.00477117 0.00204702 -2.77364e-08 0.00477117 1.30294e-10 0.00477117)
(0.00477115 0.00204702 -2.77441e-08 0.00477115 5.31514e-11 0.00477115)
(0.00477113 0.002047 -2.77624e-08 0.00477113 -3.55058e-11 0.00477113)
(0.00477111 0.00204699 -2.77824e-08 0.00477111 -1.06375e-10 0.00477111)
(0.00477109 0.00204698 -2.77889e-08 0.00477109 -2.24735e-10 0.00477109)
(0.00841007 0.0126151 -8.47943e-08 0.00841007 1.76953e-10 0.00841007)
(0.00841006 0.0126151 -8.47774e-08 0.00841007 1.69394e-10 0.00841007)
(0.00841006 0.0126151 -8.47778e-08 0.00841007 1.3537e-10 0.00841007)
(0.00841006 0.0126151 -8.4778e-08 0.00841007 1.17328e-10 0.00841007)
(0.00841007 0.0126151 -8.47729e-08 0.00841007 4.31066e-11 0.00841007)
(0.00841007 0.0126151 -8.47735e-08 0.00841007 -9.98133e-11 0.00841007)
(0.00841007 0.0126151 -8.47849e-08 0.00841007 -2.21787e-10 0.00841007)
(0.00841007 0.0126151 -8.25692e-08 0.00841007 -2.4046e-10 0.00841007)
(0.00841007 0.0126151 -8.48151e-08 0.00841007 -1.39166e-10 0.00841007)
(0.00841007 0.0126151 -8.48158e-08 0.00841007 5.30235e-11 0.00841007)
(0.0084104 -0.0126157 -9.37229e-08 0.0084104 -1.73978e-10 0.0084104)
(0.0084104 -0.0126157 -9.59367e-08 0.0084104 -1.64481e-10 0.0084104)
(0.0084104 -0.0126157 -9.37049e-08 0.0084104 -1.25258e-10 0.0084104)
(0.0084104 -0.0126156 -9.59363e-08 0.0084104 -1.01713e-10 0.0084104)
(0.0084104 -0.0126156 -9.59321e-08 0.0084104 -3.26224e-11 0.0084104)
(0.0084104 -0.0126156 -9.59332e-08 0.0084104 9.78616e-11 0.0084104)
(0.0084104 -0.0126156 -9.37128e-08 0.0084104 2.08328e-10 0.0084104)
(0.0084104 -0.0126156 -9.59589e-08 0.0084104 2.23176e-10 0.0084104)
(0.0084104 -0.0126157 -9.37423e-08 0.0084104 1.27827e-10 0.0084104)
(0.0084104 -0.0126157 -9.37436e-08 0.0084104 -5.5766e-11 0.0084104)
(0.00477231 -0.0020474 -2.77847e-08 0.00477231 2.36895e-10 0.00477231)
(0.00477231 -0.00204741 -2.77724e-08 0.00477231 7.81929e-11 0.00477231)
(0.00477231 -0.00204742 -2.77701e-08 0.00477231 -1.06016e-10 0.00477231)
(0.00477231 -0.00204741 -2.77658e-08 0.00477231 -1.82788e-10 0.00477231)
(0.00477231 -0.0020474 -2.77545e-08 0.00477231 -1.7631e-10 0.00477231)
(0.00477229 -0.00204739 -2.77479e-08 0.00477229 -1.24656e-10 0.00477229)
(0.00477227 -0.00204739 -2.7755e-08 0.00477227 -5.74028e-11 0.00477227)
(0.00477225 -0.00204738 -2.77718e-08 0.00477225 2.16113e-11 0.00477225)
(0.00477222 -0.00204736 -2.77907e-08 0.00477222 8.42273e-11 0.00477222)
(0.0047722 -0.00204735 -2.77968e-08 0.0047722 2.10231e-10 0.0047722)
(0.00246477 -0.000618671 1.32178e-07 0.00246477 1.35086e-10 0.00246477)
(0.00246477 -0.000618649 1.32173e-07 0.00246477 4.14273e-11 0.00246477)
(0.00246475 -0.000618621 1.32174e-07 0.00246475 -7.92436e-11 0.00246475)
(0.00246475 -0.000618608 1.32188e-07 0.00246475 -1.2005e-10 0.00246475)
(0.00246474 -0.000618602 1.32205e-07 0.00246474 -9.11892e-11 0.00246474)
(0.00246474 -0.000618599 1.32213e-07 0.00246474 -4.61672e-11 0.00246474)
(0.00246474 -0.000618599 1.32206e-07 0.00246474 -1.10006e-11 0.00246474)
(0.00246474 -0.000618599 1.32189e-07 0.00246474 1.62252e-11 0.00246474)
(0.00246474 -0.000618597 1.32174e-07 0.00246474 2.97088e-11 0.00246474)
(0.00246474 -0.000618599 1.32167e-07 0.00246474 1.10494e-10 0.00246474)
(0.00246505 0.000618782 1.32202e-07 0.00246505 -1.3477e-10 0.00246505)
(0.00246505 0.000618757 1.32195e-07 0.00246505 -4.02424e-11 0.00246505)
(0.00246503 0.000618729 1.32197e-07 0.00246503 8.07579e-11 0.00246503)
(0.00246502 0.000618712 1.3221e-07 0.00246502 1.20825e-10 0.00246502)
(0.00246501 0.000618707 1.32228e-07 0.00246501 9.07617e-11 0.00246501)
(0.00246502 0.000618707 1.32236e-07 0.00246502 4.55283e-11 0.00246502)
(0.00246502 0.000618705 1.32229e-07 0.00246502 1.05587e-11 0.00246502)
(0.00246502 0.000618705 1.32211e-07 0.00246502 -1.64354e-11 0.00246502)
(0.00246502 0.000618705 1.32197e-07 0.00246502 -3.01112e-11 0.00246502)
(0.00246501 0.000618701 1.32189e-07 0.00246501 -1.11338e-10 0.00246501)
(0.00477272 0.00204762 -2.77879e-08 0.00477272 -2.37416e-10 0.00477272)
(0.00477271 0.00204764 -2.77756e-08 0.00477271 -7.50014e-11 0.00477271)
(0.00477271 0.00204763 -2.77735e-08 0.00477271 1.12524e-10 0.00477271)
(0.00477271 0.00204763 -2.77696e-08 0.00477271 1.878e-10 0.00477271)
(0.0047727 0.00204762 -2.77582e-08 0.0047727 1.77967e-10 0.0047727)
(0.00477269 0.00204762 -2.77515e-08 0.00477269 1.23794e-10 0.00477269)
(0.00477267 0.0020476 -2.77585e-08 0.00477267 5.46506e-11 0.00477267)
(0.00477265 0.0020476 -2.77752e-08 0.00477265 -2.33306e-11 0.00477265)
(0.00477263 0.00204759 -2.77943e-08 0.00477263 -8.54543e-11 0.00477263)
(0.00477261 0.00204757 -2.78003e-08 0.00477261 -2.13832e-10 0.00477261)
(0.00841047 0.0126157 -9.59543e-08 0.00841047 1.74229e-10 0.00841047)
(0.00841046 0.0126157 -9.59368e-08 0.00841047 1.61881e-10 0.00841047)
(0.00841046 0.0126157 -9.59367e-08 0.00841047 1.20517e-10 0.00841047)
(0.00841047 0.0126157 -9.37056e-08 0.00841047 9.83692e-11 0.00841047)
(0.00841047 0.0126157 -9.59327e-08 0.00841047 3.17398e-11 0.00841047)
(0.00841047 0.0126157 -9.37024e-08 0.00841047 -9.71411e-11 0.00841047)
(0.00841047 0.0126157 -9.59446e-08 0.00841047 -2.06535e-10 0.00841047)
(0.00841047 0.0126157 -9.37279e-08 0.00841047 -2.21856e-10 0.00841047)
(0.00841047 0.0126157 -9.5974e-08 0.00841047 -1.2677e-10 0.00841047)
(0.00841047 0.0126157 -9.59753e-08 0.00841047 5.84316e-11 0.00841047)
(0.00841066 -0.0126159 -4.68617e-08 0.00841067 -7.80273e-11 0.00841067)
(0.00841066 -0.0126159 -4.46223e-08 0.00841067 -7.28357e-11 0.00841067)
(0.00841066 -0.0126159 -4.68532e-08 0.00841067 -5.32344e-11 0.00841067)
(0.00841073 -0.012616 -4.46226e-08 0.00841073 -4.12729e-11 0.00841073)
(0.00841073 -0.012616 -4.68523e-08 0.00841073 -1.17332e-11 0.00841073)
(0.00841074 -0.012616 -4.46215e-08 0.00841073 4.38115e-11 0.00841073)
(0.00841074 -0.012616 -4.68578e-08 0.00841073 9.06135e-11 0.00841073)
(0.00841074 -0.012616 -4.46328e-08 0.00841073 9.65082e-11 0.00841073)
(0.00841067 -0.0126159 -4.68701e-08 0.00841067 5.48192e-11 0.00841067)
(0.00841067 -0.0126159 -4.46396e-08 0.00841067 -2.6644e-11 0.00841067)
(0.00477364 -0.0020479 -5.88859e-12 0.00477364 1.08359e-10 0.00477364)
(0.00477363 -0.0020479 -1.95375e-13 0.00477363 3.85935e-11 0.00477363)
(0.00477363 -0.0020479 9.31137e-13 0.00477363 -4.51744e-11 0.00477363)
(0.00477363 -0.0020479 2.55064e-12 0.00477363 -8.03695e-11 0.00477363)
(0.00477361 -0.00204789 7.18156e-12 0.00477361 -7.73265e-11 0.00477361)
(0.00477359 -0.00204787 9.8876e-12 0.00477359 -5.50046e-11 0.00477359)
(0.00477357 -0.00204787 6.72406e-12 0.00477357 -2.68641e-11 0.00477357)
(0.00477355 -0.00204785 -5.82557e-13 0.00477355 6.08325e-12 0.00477355)
(0.00477353 -0.00204785 -8.94799e-12 0.00477353 3.22421e-11 0.00477353)
(0.00477351 -0.00204783 -1.166e-11 0.00477351 9.20208e-11 0.00477351)
(0.00246665 -0.000619235 5.2938e-08 0.00246665 6.2546e-11 0.00246665)
(0.00246664 -0.000619204 5.29347e-08 0.00246664 2.01272e-11 0.00246664)
(0.00246663 -0.000619177 7.94068e-08 0.00246663 -3.60688e-11 0.00246663)
(0.00246661 -0.000619157 7.94117e-08 0.00246661 -5.50678e-11 0.00246661)
(0.00246661 -0.000619152 7.94191e-08 0.00246661 -4.06703e-11 0.00246661)
(0.00246661 -0.000619149 7.94221e-08 0.00246661 -2.00379e-11 0.00246661)
(0.00246661 -0.000619149 7.94189e-08 0.00246661 -4.58355e-12 0.00246661)
(0.00246661 -0.00061915 5.29416e-08 0.00246661 6.26111e-12 0.00246661)
(0.00246661 -0.00061915 5.29356e-08 0.00246661 1.08573e-11 0.00246661)
(0.00246661 -0.000619147 5.29327e-08 0.00246661 4.97371e-11 0.00246661)
(0.00246693 0.000619421 7.94256e-08 0.00246693 -6.23604e-11 0.00246693)
(0.00246693 0.00061939 7.9421e-08 0.00246693 -1.93865e-11 0.00246693)
(0.00246691 0.00061936 7.94206e-08 0.00246691 3.70187e-11 0.00246691)
(0.00246689 0.000619341 7.94257e-08 0.00246689 5.56115e-11 0.00246689)
(0.00246689 0.000619332 7.94327e-08 0.00246689 4.05484e-11 0.00246689)
(0.00246689 0.00061933 7.94357e-08 0.00246689 1.97894e-11 0.00246689)
(0.00246689 0.000619333 7.94329e-08 0.00246689 4.3479e-12 0.00246689)
(0.00246689 0.000619333 7.94252e-08 0.00246689 -6.54259e-12 0.00246689)
(0.00246689 0.00061933 7.9419e-08 0.00246689 -1.12646e-11 0.00246689)
(0.00246689 0.00061933 7.94164e-08 0.00246689 -5.03117e-11 0.00246689)
(0.00477405 0.00204805 -5.67478e-12 0.00477405 -1.08296e-10 0.00477405)
(0.00477405 0.00204806 -7.26253e-15 0.00477405 -3.67621e-11 0.00477405)
(0.00477404 0.00204805 9.71488e-13 0.00477404 4.86032e-11 0.00477404)
(0.00477403 0.00204804 2.39792e-12 0.00477403 8.31412e-11 0.00477403)
(0.00477402 0.00204803 7.00917e-12 0.00477402 7.82817e-11 0.00477402)
(0.004774 0.00204802 9.77864e-12 0.004774 5.44883e-11 0.004774)
(0.00477398 0.00204801 6.68766e-12 0.00477398 2.52491e-11 0.00477398)
(0.00477396 0.00204801 -5.66669e-13 0.00477396 -7.3887e-12 0.00477396)
(0.00477393 0.00204799 -8.99338e-12 0.00477393 -3.31941e-11 0.00477393)
(0.00477391 0.00204797 -1.16023e-11 0.00477391 -9.38403e-11 0.00477391)
(0.00841073 0.012616 -4.46304e-08 0.00841073 7.79015e-11 0.00841073)
(0.00841073 0.012616 -4.68537e-08 0.00841073 7.1322e-11 0.00841073)
(0.00841073 0.012616 -4.4622e-08 0.00841073 5.07222e-11 0.00841073)
(0.0084108 0.0126161 -4.68543e-08 0.0084108 3.94803e-11 0.0084108)
(0.0084108 0.0126161 -4.68527e-08 0.0084108 1.1312e-11 0.0084108)
(0.0084108 0.0126161 -4.68532e-08 0.0084108 -4.33654e-11 0.0084108)
(0.0084108 0.0126161 -4.46266e-08 0.0084108 -8.95513e-11 0.0084108)
(0.0084108 0.0126161 -4.68644e-08 0.0084108 -9.55514e-11 0.0084108)
(0.00841073 0.012616 -4.46389e-08 0.00841073 -5.40464e-11 0.00841073)
(0.00841073 0.012616 -4.46397e-08 0.00841073 2.80316e-11 0.00841073)
)
;

boundaryField
{
    bottomWall
    {
        type            kqRWallFunction;
        value           nonuniform List<symmTensor> 
100
(
(0.00841067 -0.00214757 3.96126e-09 0.00841067 2.16135e-11 0.00841067)
(0.0084104 -0.00214747 8.96472e-09 0.0084104 5.09589e-11 0.0084104)
(0.00841 -0.00214733 7.92204e-09 0.00841 5.22777e-11 0.00841)
(0.0084098 -0.00214726 4.58638e-09 0.0084098 3.59149e-11 0.0084098)
(0.00840967 -0.00214721 1.45929e-09 0.00840967 1.27109e-11 0.00840967)
(0.00840967 -0.00214721 -1.25083e-09 0.00840967 -1.17575e-11 0.00840967)
(0.0084098 -0.00214725 -4.58638e-09 0.0084098 -3.50724e-11 0.0084098)
(0.00841 -0.00214733 -7.92203e-09 0.00841 -5.18675e-11 0.00841)
(0.0084104 -0.00214746 -8.75626e-09 0.0084104 -5.15301e-11 0.0084104)
(0.00841067 -0.00214756 -4.37823e-09 0.00841067 -2.32485e-11 0.00841067)
(0.00841067 -0.00214757 4.16903e-09 0.00841067 1.7158e-11 0.00841067)
(0.0084104 -0.00214747 8.75463e-09 0.0084104 3.99456e-11 0.0084104)
(0.00841 -0.00214733 7.92044e-09 0.00841 4.04579e-11 0.00841)
(0.0084098 -0.00214726 4.79378e-09 0.0084098 2.76992e-11 0.0084098)
(0.00840967 -0.00214721 1.45893e-09 0.00840967 9.81622e-12 0.00840967)
(0.00840967 -0.00214721 -1.45895e-09 0.00840967 -9.07814e-12 0.00840967)
(0.0084098 -0.00214726 -4.58534e-09 0.0084098 -2.70514e-11 0.0084098)
(0.00841 -0.00214733 -7.92045e-09 0.00841 -4.0122e-11 0.00841)
(0.0084104 -0.00214747 -8.96309e-09 0.0084104 -4.0381e-11 0.0084104)
(0.00841067 -0.00214757 -4.169e-09 0.00841067 -1.84444e-11 0.00841067)
(0.00841073 -0.00214758 3.96054e-09 0.00841073 9.25799e-12 0.00841073)
(0.0084104 -0.00214747 8.96306e-09 0.0084104 2.17732e-11 0.0084104)
(0.00841007 -0.00214735 7.92052e-09 0.00841007 2.26481e-11 0.00841007)
(0.0084098 -0.00214726 4.58538e-09 0.0084098 1.60738e-11 0.0084098)
(0.00840967 -0.00214722 1.66741e-09 0.00840967 5.84642e-12 0.00840967)
(0.00840967 -0.00214721 -1.25052e-09 0.00840967 -5.41658e-12 0.00840967)
(0.0084098 -0.00214726 -4.79386e-09 0.0084098 -1.57271e-11 0.0084098)
(0.00841 -0.00214733 -7.92048e-09 0.00841 -2.24951e-11 0.00841)
(0.0084104 -0.00214747 -8.75458e-09 0.0084104 -2.20254e-11 0.0084104)
(0.00841067 -0.00214757 -4.37743e-09 0.00841067 -9.93512e-12 0.00841067)
(0.00841073 -0.00214758 3.96056e-09 0.00841073 3.87685e-12 0.00841073)
(0.0084104 -0.00214747 8.75462e-09 0.0084104 9.90787e-12 0.0084104)
(0.00841007 -0.00214735 8.12899e-09 0.00841007 1.15885e-11 0.00841007)
(0.0084098 -0.00214726 4.79383e-09 0.0084098 9.07105e-12 0.0084098)
(0.00840967 -0.00214722 1.45894e-09 0.00840967 3.48793e-12 0.00840967)
(0.00840967 -0.00214722 -1.45896e-09 0.00840967 -3.24809e-12 0.00840967)
(0.0084098 -0.00214726 -4.58538e-09 0.0084098 -8.90987e-12 0.0084098)
(0.00841 -0.00214733 -7.92049e-09 0.00841 -1.15713e-11 0.00841)
(0.0084104 -0.00214747 -8.96308e-09 0.0084104 -1.00433e-11 0.0084104)
(0.00841073 -0.00214758 -4.169e-09 0.00841073 -4.15951e-12 0.00841073)
(0.00841073 -0.00214758 3.96042e-09 0.00841073 -3.68651e-12 0.00841073)
(0.0084104 -0.00214747 8.96271e-09 0.0084104 -7.91677e-12 0.0084104)
(0.00841007 -0.00214735 7.92005e-09 0.00841007 -6.94621e-12 0.00841007)
(0.0084098 -0.00214726 4.58498e-09 0.0084098 -3.96261e-12 0.0084098)
(0.00840967 -0.00214722 1.66725e-09 0.00840967 -1.20147e-12 0.00840967)
(0.00840967 -0.00214722 -1.25037e-09 0.00840967 1.08892e-12 0.00840967)
(0.0084098 -0.00214726 -4.58501e-09 0.0084098 3.83603e-12 0.0084098)
(0.00841007 -0.00214735 -7.92006e-09 0.00841007 6.83478e-12 0.00841007)
(0.0084104 -0.00214747 -8.96269e-09 0.0084104 7.99833e-12 0.0084104)
(0.00841073 -0.00214758 -4.37732e-09 0.00841073 3.95566e-12 0.00841073)
(0.00841073 -0.00214758 3.96047e-09 0.00841073 -1.36204e-11 0.00841073)
(0.0084104 -0.00214747 8.75434e-09 0.0084104 -3.2105e-11 0.0084104)
(0.00841007 -0.00214735 8.12858e-09 0.00841007 -3.31327e-11 0.00841007)
(0.0084098 -0.00214726 4.79347e-09 0.0084098 -2.29973e-11 0.0084098)
(0.00840967 -0.00214722 1.4588e-09 0.00840967 -8.20368e-12 0.00840967)
(0.00840967 -0.00214722 -1.45883e-09 0.00840967 7.58051e-12 0.00840967)
(0.0084098 -0.00214726 -4.58503e-09 0.0084098 2.24678e-11 0.0084098)
(0.00841007 -0.00214735 -7.92013e-09 0.00841007 3.28795e-11 0.00841007)
(0.0084104 -0.00214747 -8.96279e-09 0.0084104 3.24892e-11 0.0084104)
(0.00841073 -0.00214758 -4.16891e-09 0.00841073 1.46425e-11 0.00841073)
(0.00841073 -0.00214758 3.96089e-09 0.00841073 -2.00366e-11 0.00841073)
(0.0084104 -0.00214747 8.75535e-09 0.0084104 -4.78488e-11 0.0084104)
(0.00841007 -0.00214735 7.92119e-09 0.00841007 -5.03577e-11 0.00841007)
(0.0084098 -0.00214726 4.79423e-09 0.0084098 -3.5623e-11 0.0084098)
(0.00840967 -0.00214722 1.45908e-09 0.00840967 -1.28598e-11 0.00840967)
(0.00840967 -0.00214722 -1.45908e-09 0.00840967 1.19079e-11 0.00840967)
(0.0084098 -0.00214726 -4.58578e-09 0.0084098 3.48361e-11 0.0084098)
(0.00841007 -0.00214735 -7.71273e-09 0.00841007 5.00233e-11 0.00841007)
(0.0084104 -0.00214747 -8.75535e-09 0.0084104 4.84182e-11 0.0084104)
(0.00841073 -0.00214758 -4.37783e-09 0.00841073 2.15406e-11 0.00841073)
(0.00841073 -0.00214758 3.96145e-09 0.00841073 -1.78318e-11 0.00841073)
(0.0084104 -0.00214747 8.75671e-09 0.0084104 -4.26176e-11 0.0084104)
(0.00841007 -0.00214735 7.92266e-09 0.00841007 -4.49242e-11 0.00841007)
(0.0084098 -0.00214726 4.58683e-09 0.0084098 -3.18665e-11 0.0084098)
(0.00840967 -0.00214722 1.45946e-09 0.00840967 -1.1526e-11 0.00840967)
(0.00840967 -0.00214722 -1.25099e-09 0.00840967 1.06866e-11 0.00840967)
(0.0084098 -0.00214726 -4.37836e-09 0.0084098 3.1175e-11 0.0084098)
(0.00841 -0.00214733 -7.9226e-09 0.00841 4.46353e-11 0.00841)
(0.0084104 -0.00214747 -8.96519e-09 0.0084104 4.31073e-11 0.0084104)
(0.00841073 -0.00214758 -4.16996e-09 0.00841073 1.91621e-11 0.00841073)
(0.00841073 -0.00214758 3.96202e-09 0.00841073 -7.74269e-12 0.00841073)
(0.0084104 -0.00214747 8.75804e-09 0.0084104 -1.81248e-11 0.0084104)
(0.00841007 -0.00214735 7.92403e-09 0.00841007 -1.8498e-11 0.00841007)
(0.0084098 -0.00214726 4.79624e-09 0.0084098 -1.27912e-11 0.0084098)
(0.00840967 -0.00214721 1.4598e-09 0.00840967 -4.57296e-12 0.00840967)
(0.00840967 -0.00214721 -1.45975e-09 0.00840967 4.25408e-12 0.00840967)
(0.0084098 -0.00214726 -4.58774e-09 0.0084098 1.25164e-11 0.0084098)
(0.00841 -0.00214733 -7.7155e-09 0.00841 1.83603e-11 0.00841)
(0.0084104 -0.00214746 -8.75807e-09 0.0084104 1.82972e-11 0.0084104)
(0.00841067 -0.00214756 -4.37902e-09 0.00841067 8.30174e-12 0.00841067)
(0.00841067 -0.00214756 3.96207e-09 0.00841067 1.04433e-11 0.00841067)
(0.0084104 -0.00214747 8.75817e-09 0.0084104 2.49661e-11 0.0084104)
(0.00841 -0.00214733 7.92404e-09 0.00841 2.61333e-11 0.00841)
(0.0084098 -0.00214726 4.58777e-09 0.0084098 1.82473e-11 0.0084098)
(0.00840967 -0.00214721 1.45979e-09 0.00840967 6.51556e-12 0.00840967)
(0.00840967 -0.00214721 -1.25129e-09 0.00840967 -6.01625e-12 0.00840967)
(0.0084098 -0.00214725 -4.58773e-09 0.0084098 -1.78171e-11 0.0084098)
(0.00841 -0.00214733 -7.92402e-09 0.00841 -2.59451e-11 0.00841)
(0.0084104 -0.00214746 -8.7582e-09 0.0084104 -2.52752e-11 0.0084104)
(0.00841067 -0.00214756 -4.17062e-09 0.00841067 -1.12519e-11 0.00841067)
)
;
    }
    topWall
    {
        type            kqRWallFunction;
        value           nonuniform List<symmTensor> 
100
(
(0.00841073 0.00214759 3.96127e-09 0.00841073 -2.15553e-11 0.00841073)
(0.00841047 0.00214749 8.75628e-09 0.00841047 -5.09424e-11 0.00841047)
(0.00841007 0.00214736 8.13052e-09 0.00841007 -5.2339e-11 0.00841007)
(0.00840987 0.00214728 4.79485e-09 0.00840987 -3.59266e-11 0.00840987)
(0.00840973 0.00214724 1.45929e-09 0.00840973 -1.27126e-11 0.00840973)
(0.00840973 0.00214724 -1.45929e-09 0.00840973 1.17595e-11 0.00840973)
(0.00840987 0.00214728 -4.58638e-09 0.00840987 3.50826e-11 0.00840987)
(0.00841007 0.00214735 -7.92205e-09 0.00841007 5.1932e-11 0.00841007)
(0.00841047 0.00214749 -8.96475e-09 0.00841047 5.15247e-11 0.00841047)
(0.00841073 0.00214759 -4.16977e-09 0.00841073 2.31772e-11 0.00841073)
(0.00841073 0.00214759 3.96057e-09 0.00841073 -1.68458e-11 0.00841073)
(0.00841047 0.00214749 8.96314e-09 0.00841047 -3.9441e-11 0.00841047)
(0.00841007 0.00214736 8.12893e-09 0.00841007 -4.00522e-11 0.00841007)
(0.00840987 0.00214728 4.7938e-09 0.00840987 -2.73753e-11 0.00840987)
(0.00840973 0.00214724 1.45893e-09 0.00840973 -9.70746e-12 0.00840973)
(0.00840973 0.00214724 -1.45895e-09 0.00840973 8.97657e-12 0.00840973)
(0.00840987 0.00214728 -4.58536e-09 0.00840987 2.67297e-11 0.00840987)
(0.00841007 0.00214735 -7.92047e-09 0.00841007 3.97122e-11 0.00841007)
(0.00841047 0.00214749 -8.96312e-09 0.00841047 3.98764e-11 0.00841047)
(0.00841073 0.00214759 -4.37749e-09 0.00841073 1.81273e-11 0.00841073)
(0.0084108 0.0021476 3.96057e-09 0.0084108 -8.82044e-12 0.0084108)
(0.00841047 0.00214749 8.75465e-09 0.00841047 -2.10049e-11 0.00841047)
(0.00841007 0.00214736 8.12898e-09 0.00841007 -2.2014e-11 0.00841007)
(0.00840987 0.00214728 4.79387e-09 0.00840987 -1.56287e-11 0.00840987)
(0.00840973 0.00214724 1.45896e-09 0.00840973 -5.69428e-12 0.00840973)
(0.00840973 0.00214724 -1.45898e-09 0.00840973 5.2745e-12 0.00840973)
(0.00840987 0.00214728 -4.58543e-09 0.00840987 1.52833e-11 0.00840987)
(0.00841007 0.00214736 -7.92053e-09 0.00841007 2.1859e-11 0.00841007)
(0.00841047 0.00214749 -8.96311e-09 0.00841047 2.12455e-11 0.00841047)
(0.00841073 0.00214759 -4.16898e-09 0.00841073 9.50002e-12 0.00841073)
(0.0084108 0.00214761 3.9606e-09 0.0084108 -3.56185e-12 0.0084108)
(0.00841047 0.00214749 8.96317e-09 0.00841047 -9.3723e-12 0.00841047)
(0.00841013 0.00214737 7.92059e-09 0.00841013 -1.11817e-11 0.00841013)
(0.00840987 0.00214728 4.58541e-09 0.00840987 -8.78607e-12 0.00840987)
(0.00840973 0.00214724 1.66741e-09 0.00840973 -3.37718e-12 0.00840973)
(0.00840973 0.00214724 -1.25052e-09 0.00840973 3.14456e-12 0.00840973)
(0.00840987 0.00214728 -4.79388e-09 0.00840987 8.62113e-12 0.00840987)
(0.00841007 0.00214736 -7.92056e-09 0.00841007 1.11599e-11 0.00841007)
(0.00841047 0.00214749 -8.75469e-09 0.00841047 9.49943e-12 0.00841047)
(0.0084108 0.0021476 -4.37751e-09 0.0084108 3.8539e-12 0.0084108)
(0.0084108 0.00214761 4.16893e-09 0.0084108 3.757e-12 0.0084108)
(0.00841047 0.00214749 8.75431e-09 0.00841047 8.04629e-12 0.00841047)
(0.00841013 0.00214738 7.92011e-09 0.00841013 7.04608e-12 0.00841013)
(0.00840987 0.00214728 4.79348e-09 0.00840987 4.08019e-12 0.00840987)
(0.00840973 0.00214724 1.45881e-09 0.00840973 1.28172e-12 0.00840973)
(0.00840973 0.00214724 -1.25038e-09 0.00840973 -1.16387e-12 0.00840973)
(0.00840987 0.00214728 -4.58505e-09 0.00840987 -3.95142e-12 0.00840987)
(0.00841007 0.00214736 -7.92007e-09 0.00841007 -6.93089e-12 0.00841007)
(0.00841047 0.00214749 -8.96277e-09 0.00841047 -8.13355e-12 0.00841047)
(0.0084108 0.00214761 -4.37736e-09 0.0084108 -4.03168e-12 0.0084108)
(0.0084108 0.00214761 3.96051e-09 0.0084108 1.35131e-11 0.0084108)
(0.00841047 0.00214749 8.96288e-09 0.00841047 3.19428e-11 0.00841047)
(0.00841013 0.00214737 7.92018e-09 0.00841013 3.30481e-11 0.00841013)
(0.00840987 0.00214728 4.58505e-09 0.00840987 2.29714e-11 0.00840987)
(0.00840973 0.00214724 1.45881e-09 0.00840973 8.20393e-12 0.00840973)
(0.00840973 0.00214724 -1.25038e-09 0.00840973 -7.58095e-12 0.00840973)
(0.00840987 0.00214728 -4.58507e-09 0.00840987 -2.24415e-11 0.00840987)
(0.00841007 0.00214736 -7.92013e-09 0.00841007 -3.28004e-11 0.00841007)
(0.00841047 0.00214749 -8.75439e-09 0.00841047 -3.2324e-11 0.00841047)
(0.0084108 0.0021476 -4.37742e-09 0.0084108 -1.45329e-11 0.0084108)
(0.0084108 0.0021476 3.96092e-09 0.0084108 1.97871e-11 0.0084108)
(0.00841047 0.00214749 8.75541e-09 0.00841047 4.74761e-11 0.00841047)
(0.00841013 0.00214737 8.12971e-09 0.00841013 5.01462e-11 0.00841013)
(0.00840987 0.00214728 4.79427e-09 0.00840987 3.54827e-11 0.00840987)
(0.00840973 0.00214724 1.45909e-09 0.00840973 1.28013e-11 0.00840973)
(0.00840973 0.00214724 -1.45909e-09 0.00840973 -1.18533e-11 0.00840973)
(0.00840987 0.00214728 -4.58581e-09 0.00840987 -3.46929e-11 0.00840987)
(0.00841007 0.00214736 -7.92119e-09 0.00841007 -4.98187e-11 0.00841007)
(0.00841047 0.00214749 -8.96387e-09 0.00841047 -4.80419e-11 0.00841047)
(0.0084108 0.0021476 -4.16939e-09 0.0084108 -2.12867e-11 0.0084108)
(0.0084108 0.0021476 3.96147e-09 0.0084108 1.75843e-11 0.0084108)
(0.00841047 0.00214749 8.75676e-09 0.00841047 4.23133e-11 0.00841047)
(0.00841013 0.00214737 7.92271e-09 0.00841013 4.47828e-11 0.00841013)
(0.00840987 0.00214728 4.79532e-09 0.00840987 3.17176e-11 0.00840987)
(0.00840973 0.00214724 1.45947e-09 0.00840973 1.14564e-11 0.00840973)
(0.00840973 0.00214724 -1.45945e-09 0.00840973 -1.06213e-11 0.00840973)
(0.00840987 0.00214728 -4.58685e-09 0.00840987 -3.10196e-11 0.00840987)
(0.00841007 0.00214736 -7.71419e-09 0.00841007 -4.44975e-11 0.00841007)
(0.00841047 0.00214749 -8.75677e-09 0.00841047 -4.2804e-11 0.00841047)
(0.0084108 0.0021476 -4.37846e-09 0.0084108 -1.8912e-11 0.0084108)
(0.0084108 0.0021476 3.96204e-09 0.0084108 7.55113e-12 0.0084108)
(0.00841047 0.00214749 8.7581e-09 0.00841047 1.7853e-11 0.00841047)
(0.00841007 0.00214736 7.92404e-09 0.00841007 1.82964e-11 0.00841007)
(0.00840987 0.00214728 4.58782e-09 0.00840987 1.25888e-11 0.00840987)
(0.00840973 0.00214724 1.66827e-09 0.00840973 4.49274e-12 0.00840973)
(0.00840973 0.00214724 -1.25131e-09 0.00840973 -4.17876e-12 0.00840973)
(0.00840987 0.00214728 -4.58778e-09 0.00840987 -1.23111e-11 0.00840987)
(0.00841007 0.00214735 -7.92402e-09 0.00841007 -1.81621e-11 0.00841007)
(0.00841047 0.00214749 -8.9666e-09 0.00841047 -1.80293e-11 0.00841047)
(0.00841073 0.00214759 -4.17056e-09 0.00841073 -8.10093e-12 0.00841073)
(0.00841073 0.00214759 4.17056e-09 0.00841073 -1.06414e-11 0.00841073)
(0.00841047 0.00214749 8.75822e-09 0.00841047 -2.53845e-11 0.00841047)
(0.00841007 0.00214736 7.92408e-09 0.00841007 -2.65599e-11 0.00841007)
(0.00840987 0.00214728 4.79625e-09 0.00840987 -1.85528e-11 0.00840987)
(0.00840973 0.00214724 1.45979e-09 0.00840973 -6.61685e-12 0.00840973)
(0.00840973 0.00214724 -1.45975e-09 0.00840973 6.11089e-12 0.00840973)
(0.00840987 0.00214728 -4.58775e-09 0.00840987 1.81195e-11 0.00840987)
(0.00841007 0.00214735 -7.92406e-09 0.00841007 2.63702e-11 0.00841007)
(0.00841047 0.00214749 -8.96671e-09 0.00841047 2.56991e-11 0.00841047)
(0.00841073 0.00214759 -4.17064e-09 0.00841073 1.1456e-11 0.00841073)
)
;
    }
    sides1_half0
    {
        type            cyclic;
    }
    sides1_half1
    {
        type            cyclic;
    }
    inout1_half0
    {
        type            cyclic;
    }
    inout1_half1
    {
        type            cyclic;
    }
}


// ************************************************************************* //
