0.000312801
0.000781771
0.00121925
0.0016269
0.00199678
0.00232807
0.00262239
0.00288207
0.00310967
0.00330773
0.00347883
0.0036255
0.00375026
0.00385568
0.00394436
0.00401906
0.00408254
0.00413768
0.00418744
0.00423459
0.00428181
0.00433115
0.00438405
0.00444084
0.00450053
0.00456065
0.00461736
0.00466606
0.004702
0.00472134
0.00472183
0.00470347
0.00466844
0.00462062
0.00456466
0.00450531
0.00444633
0.00439006
0.00433769
0.00428873
0.00424188
0.00419495
0.00414531
0.00409018
0.0040266
0.00395172
0.00386272
0.00375688
0.00363163
0.0034844
0.00331265
0.0031139
0.00288561
0.00262523
0.00233025
0.00199832
0.0016279
0.0012198
0.000781983
0.000312823
