0.656723
0.773201
0.83055
0.870579
0.901467
0.926676
0.948063
0.966718
0.983291
0.998241
1.0119
1.02446
1.03613
1.04707
1.05738
1.06708
1.07626
1.08495
1.09315
1.10081
1.10792
1.11446
1.12041
1.12574
1.13041
1.13438
1.13761
1.14008
1.14175
1.14258
1.14258
1.14175
1.14008
1.13761
1.13438
1.13041
1.12574
1.12041
1.11446
1.10792
1.1008
1.09315
1.08495
1.07626
1.06708
1.05738
1.04707
1.03613
1.02446
1.01189
0.99824
0.983289
0.966716
0.948061
0.926674
0.901465
0.870577
0.830546
0.773196
0.656714
