0.643906
0.758111
0.814341
0.853589
0.883875
0.908592
0.929561
0.947853
0.964102
0.978762
0.992149
1.00447
1.01591
1.02664
1.03675
1.04626
1.05526
1.06378
1.07182
1.07933
1.0863
1.09272
1.09855
1.10378
1.10836
1.11225
1.11541
1.11783
1.11947
1.12029
1.12029
1.11947
1.11783
1.11541
1.11225
1.10836
1.10378
1.09855
1.09272
1.0863
1.07933
1.07182
1.06378
1.05526
1.04626
1.03674
1.02664
1.01591
1.00447
0.992148
0.97876
0.964101
0.947851
0.92956
0.90859
0.883873
0.853587
0.814338
0.758106
0.643897
