0.000100228
0.000263895
0.000430506
0.000597707
0.000761308
0.000919735
0.00107244
0.00121927
0.00136029
0.00149562
0.00162542
0.00174986
0.00186912
0.00198337
0.00209276
0.00219747
0.00229763
0.0023934
0.0024849
0.00257227
0.00265562
0.00273509
0.00281077
0.00288279
0.00295125
0.00301625
0.00307791
0.00313631
0.00319157
0.00324377
0.00329301
0.0033394
0.00338302
0.00342398
0.00346238
0.0034983
0.00353186
0.00356314
0.00359225
0.00361928
0.00364434
0.00366754
0.00368897
0.00370874
0.00372695
0.00374371
0.00375913
0.00377332
0.00378637
0.00379841
0.00380953
0.00381985
0.00382946
0.00383847
0.00384699
0.0038551
0.00386291
0.0038705
0.00387795
0.00388535
0.00389276
0.00390024
0.00390786
0.00391563
0.00392361
0.0039318
0.00394021
0.00394884
0.00395766
0.00396663
0.0039757
0.00398482
0.00399391
0.00400289
0.00401166
0.00402012
0.00402817
0.0040357
0.00404261
0.00404879
0.00405416
0.00405863
0.00406212
0.00406458
0.00406598
0.00406628
0.00406547
0.00406359
0.00406064
0.00405669
0.0040518
0.00404604
0.00403949
0.00403226
0.00402445
0.00401615
0.00400747
0.0039985
0.00398935
0.0039801
0.00397082
0.00396158
0.00395244
0.00394343
0.00393458
0.00392591
0.00391742
0.0039091
0.00390092
0.00389285
0.00388484
0.00387685
0.00386879
0.00386061
0.00385223
0.00384355
0.0038345
0.00382497
0.00381486
0.00380409
0.00379254
0.00378011
0.0037667
0.0037522
0.0037365
0.00371949
0.00370108
0.00368115
0.00365959
0.0036363
0.00361119
0.00358413
0.00355504
0.0035238
0.00349032
0.0034545
0.00341624
0.00337544
0.00333199
0.0032858
0.00323678
0.00318482
0.00312982
0.00307168
0.00301031
0.00294559
0.00287743
0.00280571
0.00273033
0.00265118
0.00256813
0.00248107
0.00238988
0.00229442
0.00219456
0.00209015
0.00198103
0.00186707
0.00174808
0.0016239
0.00149434
0.00135924
0.00121844
0.00107179
0.000919266
0.000760987
0.00059751
0.000430403
0.000263855
0.000100222
