0.00383786	-0.00534936	1.96235E-16	0.00383786	-8.56937E-14	0.00383786
0.00390398	-0.00180352	1.10952E-15	0.00390398	-3.68255E-15	0.00390398
0.00377577	-0.00170188	2.62043E-15	0.00377577	3.88318E-15	0.00377577
0.00368475	-0.00166265	4.54347E-15	0.00368475	8.99174E-15	0.00368475
0.00361234	-0.00163451	6.69557E-15	0.00361234	1.5058E-14	0.00361234
0.00354955	-0.00161069	8.93802E-15	0.00354955	2.2819E-14	0.00354955
0.00349226	-0.00158877	1.11691E-14	0.00349226	3.20687E-14	0.00349226
0.00343839	-0.00156789	1.33163E-14	0.00343839	4.23603E-14	0.00343839
0.00338679	-0.00154747	7.22039E-10	0.00338679	5.29149E-14	0.00338679
0.00333681	-0.00152725	1.71675E-14	0.00333681	6.30439E-14	0.00333681
0.00328805	-0.00150727	1.88116E-14	0.00328805	7.20357E-14	0.00328805
0.00324023	-0.00148738	2.02451E-14	0.00324023	7.95149E-14	0.00324023
0.00319315	-0.00146753	2.14598E-14	0.00319315	8.47701E-14	0.00319315
0.00314671	-0.00144765	2.24529E-14	0.00314671	8.75455E-14	0.00314671
0.00310079	-0.00142788	2.3225E-14	0.00310079	8.74957E-14	0.00310079
0.00305533	-0.00140808	2.37802E-14	0.00305533	8.44724E-14	0.00305533
0.00301027	-0.00138809	1.21957E-09	0.00301027	7.84258E-14	0.00301027
0.00296557	-0.00136823	2.42672E-14	0.00296557	6.96481E-14	0.00296557
0.00292121	-0.00134851	2.42165E-14	0.00292121	5.76213E-14	0.00292121
0.00287715	-0.00132859	2.39836E-14	0.00287715	4.29262E-14	0.00287715
0.00283336	-0.00130854	2.35796E-14	0.00283336	2.5613E-14	0.00283336
0.00278985	-0.00128853	2.30164E-14	0.00278985	5.96265E-15	0.00278985
0.00274659	-0.00126864	2.23065E-14	0.00274659	-1.57859E-14	0.00274659
0.00270357	-0.00124859	2.14622E-14	0.00270357	-3.93547E-14	0.00270357
0.0026608	-0.00122895	2.04963E-14	0.0026608	-6.43767E-14	0.0026608
0.00261825	-0.00120833	1.94212E-14	0.00261825	-9.05566E-14	0.00261825
0.00257594	-0.00118777	1.82496E-14	0.00257594	-1.17586E-13	0.00257594
0.00253385	-0.00116898	1.69935E-14	0.00253385	-1.45126E-13	0.00253385
0.00249201	-0.00114753	1.56652E-14	0.002492	-1.72843E-13	0.002492
0.00245038	-0.0011277	1.4276E-14	0.00245038	-2.00468E-13	0.00245038
0.00240899	-0.00110843	1.28386E-14	0.00240899	-2.27659E-13	0.00240899
0.00236785	-0.00108714	1.13616E-14	0.00236785	-2.54195E-13	0.00236785
0.00232695	-0.00106683	9.85667E-15	0.00232695	-2.79804E-13	0.00232695
0.00228631	-0.00104629	8.33297E-15	0.00228631	-3.04199E-13	0.00228631
0.00224593	-0.00102564	6.80124E-15	0.00224593	-3.27357E-13	0.00224593
0.00220582	-0.00100506	5.2667E-15	0.00220582	-3.48958E-13	0.00220582
0.002166	-0.000984684	3.74069E-15	0.002166	-3.68634E-13	0.002166
0.00212647	-0.000964629	2.22905E-15	0.00212647	-3.86624E-13	0.00212647
0.00208726	-0.000945029	7.3947E-16	0.00208726	-4.02789E-13	0.00208726
0.00204837	-0.000922914	-7.2407E-16	0.00204837	-4.16641E-13	0.00204837
0.00200983	-0.000902976	-2.15527E-15	0.00200983	-4.28867E-13	0.00200983
0.00197164	-0.000883783	-3.54963E-15	0.00197164	-4.38603E-13	0.00197164
0.00193383	-0.00086073	-4.90331E-15	0.00193383	-4.46218E-13	0.00193383
0.00189642	-0.000840121	-6.21194E-15	0.00189642	-4.52054E-13	0.00189642
0.00185942	-0.000820486	-7.47562E-15	0.00185942	-4.55503E-13	0.00185942
0.00182287	-0.000800316	-8.68964E-15	0.00182287	-4.57144E-13	0.00182287
0.00178677	-0.000779644	-9.85321E-15	0.00178677	-4.56576E-13	0.00178677
0.00175115	-0.00075853	-1.09654E-14	0.00175115	-4.54076E-13	0.00175115
0.00171605	-0.000737021	-1.20259E-14	0.00171605	-4.49877E-13	0.00171605
0.00168148	-0.000716757	-1.30334E-14	0.00168148	-4.44003E-13	0.00168148
0.00164747	-0.000696191	-1.39923E-14	0.00164747	-4.36516E-13	0.00164747
0.00161405	-0.000675348	-1.48978E-14	0.00161405	-4.27499E-13	0.00161405
0.00158125	-0.000655895	-1.57547E-14	0.00158125	-4.17248E-13	0.00158125
0.00154909	-0.000634598	-1.65632E-14	0.00154909	-4.05639E-13	0.00154909
0.00151761	-0.000613116	-1.73253E-14	0.00151761	-3.92941E-13	0.00151761
0.00148683	-0.000591473	-1.80427E-14	0.00148683	-3.79463E-13	0.00148683
0.00145677	-0.000571322	-1.87182E-14	0.00145677	-3.6512E-13	0.00145677
0.00142749	-0.000552707	-1.93515E-14	0.00142749	-3.49994E-13	0.00142749
0.00139899	-0.000530696	-1.99484E-14	0.00139899	-3.34199E-13	0.00139899
0.00137131	-0.000510246	-2.05074E-14	0.00137131	-3.18223E-13	0.00137131
0.00134448	-0.000491362	-2.10343E-14	0.00134448	-3.01749E-13	0.00134448
0.00131853	-0.000469103	-2.1528E-14	0.00131853	-2.8532E-13	0.00131853
0.00129349	-0.000448427	-2.19931E-14	0.00129349	-2.68583E-13	0.00129349
0.00126937	-0.000427687	-2.24308E-14	0.00126937	-2.52039E-13	0.00126937
0.00124621	-0.000408547	-2.28439E-14	0.00124621	-2.35371E-13	0.00124621
0.00122403	-0.000387676	-2.32322E-14	0.00122403	-2.19063E-13	0.00122403
0.00120286	-0.000366737	-2.35985E-14	0.00120286	-2.02974E-13	0.00120286
0.00118271	-0.0003474	-2.39437E-14	0.00118271	-1.87167E-13	0.00118271
0.00116359	-0.000326308	-2.42681E-14	0.00116359	-1.71935E-13	0.00116359
0.00114553	-0.000306818	-2.45749E-14	0.00114555	-1.5707E-13	0.00114555
0.00112857	-0.000287243	-2.48625E-14	0.00112857	-1.42638E-13	0.00112857
0.00111269	-0.00026758	-2.51348E-14	0.00111269	-1.28708E-13	0.00111269
0.00109792	-0.000247824	-2.53889E-14	0.00109792	-1.1523E-13	0.00109792
0.00108425	-0.000226263	-2.56266E-14	0.00108425	-1.02483E-13	0.00108425
0.00107171	-0.0002063	-2.58452E-14	0.00107171	-9.02631E-14	0.00107171
0.0010603	-0.00018794	-2.60483E-14	0.0010603	-7.83576E-14	0.0010603
0.00105003	-0.000166061	-2.6232E-14	0.00105003	-6.7161E-14	0.00105003
0.00104089	-0.00014579	-2.63995E-14	0.00104089	-5.63616E-14	0.00104089
0.0010329	-0.000128858	-2.65462E-14	0.0010329	-4.60122E-14	0.0010329
0.00102606	-0.000108407	-2.66762E-14	0.00102606	-3.60428E-14	0.00102606
0.00102037	-8.78744E-05	-2.67846E-14	0.00102037	-2.64635E-14	0.00102037
0.00101582	-6.72718E-05	-2.68736E-14	0.00101582	-1.71308E-14	0.00101582
0.00101243	-4.83395E-05	-2.69426E-14	0.00101243	-8.05616E-15	0.00101243
0.00101018	-2.93666E-05	-2.69906E-14	0.00101018	8.52553E-16	0.00101018
0.00100909	-8.64024E-06	-2.7018E-14	0.00100909	9.65441E-15	0.00100909
0.00100914	0.000010369	-2.70253E-14	0.00100914	1.8424E-14	0.00100914
0.00101034	2.93729E-05	-2.70096E-14	0.00101034	2.71976E-14	0.00101034
0.00101268	5.00837E-05	-2.69745E-14	0.00101269	3.60879E-14	0.00101269
0.00101619	7.07563E-05	-2.69188E-14	0.00101619	4.5139E-14	0.00101619
0.00102083	8.79291E-05	-2.68436E-14	0.00102083	5.44141E-14	0.00102083
0.00102661	0.000108486	-2.67486E-14	0.00102661	6.39867E-14	0.00102661
0.00103354	0.000128967	-2.6635E-14	0.00103354	7.39205E-14	0.00103354
0.00104161	0.000147644	-2.65034E-14	0.00104161	8.43463E-14	0.00104161
0.00105081	0.000167945	-2.63543E-14	0.00105081	9.51543E-14	0.00105081
0.00106113	0.000188143	-2.61881E-14	0.00106113	1.06514E-13	0.00106113
0.00107259	0.000208238	-2.60048E-14	0.00107259	1.18259E-13	0.00107259
0.00108515	0.000228225	-2.58075E-14	0.00108515	1.30563E-13	0.00108515
0.00109883	0.000246407	-2.55939E-14	0.00109883	1.43652E-13	0.00109883
0.00111361	0.000266189	-2.53653E-14	0.00111361	1.57114E-13	0.00111361
0.00112949	0.000287563	-2.51206E-14	0.00112949	1.71372E-13	0.00112949
0.00114643	0.000307143	-2.48624E-14	0.00114643	1.86176E-13	0.00114643
0.00116445	0.000326633	-2.45889E-14	0.00116445	2.01508E-13	0.00116445
0.00118351	0.000347716	-2.42964E-14	0.00118351	2.17545E-13	0.00118351
0.0012036	0.000368712	-2.399E-14	0.0012036	2.34041E-13	0.0012036
0.0012247	0.00038795	-2.36646E-14	0.0012247	2.50929E-13	0.0012247
0.00124679	0.000407116	-2.33202E-14	0.00124679	2.68367E-13	0.00124679
0.00126986	0.000427881	-2.29554E-14	0.00126986	2.85924E-13	0.00126986
0.00129387	0.000448571	-2.25675E-14	0.00129387	3.0407E-13	0.00129387
0.00131881	0.000467528	-2.21575E-14	0.00131881	3.22148E-13	0.00131881
0.00134463	0.000488066	-2.17205E-14	0.00134463	3.40519E-13	0.00134463
0.00137133	0.000510176	-2.12544E-14	0.00137133	3.58826E-13	0.00137133
0.00139888	0.000530548	-2.07601E-14	0.00139888	3.76983E-13	0.00139888
0.00142724	0.000549176	-2.0232E-14	0.00142724	3.94931E-13	0.00142724
0.00145639	0.000569347	-1.96688E-14	0.00145639	4.12568E-13	0.00145639
0.00148629	0.000591028	-1.9068E-14	0.00148629	4.29748E-13	0.00148629
0.00151693	0.000612567	-1.84275E-14	0.00151693	4.45993E-13	0.00151693
0.00154826	0.000632306	-1.77446E-14	0.00154826	4.61802E-13	0.00154826
0.00158027	0.000653497	-1.70187E-14	0.00158027	4.76632E-13	0.00158027
0.00161293	0.000674469	-1.62442E-14	0.00161293	4.90413E-13	0.00161293
0.0016462	0.00069358	-1.54225E-14	0.0016462	5.03056E-13	0.0016462
0.00168007	0.000714041	-1.45512E-14	0.00168007	5.14233E-13	0.00168007
0.00171449	0.000735798	-1.36286E-14	0.00171449	5.24038E-13	0.00171449
0.00174946	0.000755601	-1.26543E-14	0.00174946	5.32044E-13	0.00174946
0.00178494	0.000776615	-1.16275E-14	0.00178494	5.38549E-13	0.00178494
0.00182091	0.000797181	-1.05488E-14	0.00182091	5.43062E-13	0.00182091
0.00185734	0.000817263	-9.41619E-15	0.00185734	5.4577E-13	0.00185734
0.00189422	0.000839959	-8.23221E-15	0.00189422	5.464E-13	0.00189422
0.00193153	0.000858904	-7.00021E-15	0.00193153	5.44746E-13	0.00193153
0.00196923	0.000878759	-5.71933E-15	0.00196923	5.40985E-13	0.00196923
0.00200732	0.000900982	-4.39333E-15	0.00200732	5.35105E-13	0.00200732
0.00204578	0.000920853	-3.02491E-15	0.00204578	5.26773E-13	0.00204578
0.00208459	0.000941375	-1.61949E-15	0.00208459	5.16204E-13	0.00208459
0.00212373	0.000962439	-1.81242E-16	0.00212373	5.03435E-13	0.00212373
0.00216318	0.000982432	1.28665E-15	0.00216318	4.88372E-13	0.00216318
0.00220295	0.00100277	2.77547E-15	0.00220295	4.71112E-13	0.00220295
0.00224301	0.00102331	4.27925E-15	0.00224301	4.51955E-13	0.00224301
0.00228335	0.00104392	5.79048E-15	0.00228335	4.30668E-13	0.00228335
0.00232396	0.00106444	7.30133E-15	0.00232396	4.07596E-13	0.00232396
0.00236484	0.00108473	8.80166E-15	0.00236484	3.82743E-13	0.00236484
0.00240597	0.00110461	1.02827E-14	0.00240597	3.56657E-13	0.00240597
0.00244735	0.00112527	1.1735E-14	0.00244735	3.29201E-13	0.00244735
0.00248898	0.00114645	1.31465E-14	0.00248898	3.00955E-13	0.00248898
0.00253085	0.00116656	1.45067E-14	0.00253085	2.71825E-13	0.00253085
0.00257296	0.00118667	1.58025E-14	0.00257296	2.42405E-13	0.00257296
0.0026153	0.00120645	1.70226E-14	0.0026153	2.12635E-13	0.0026153
0.00265789	0.00122609	1.81542E-14	0.00265789	1.83276E-13	0.00265789
0.00270071	0.00124675	1.91841E-14	0.00270071	1.54423E-13	0.00270071
0.00274378	0.00126683	2.00988E-14	0.00274378	1.26487E-13	0.00274378
0.0027871	0.00128687	2.08861E-14	0.0027871	9.97733E-14	0.0027871
0.00283069	0.00130703	2.15321E-14	0.00283069	7.46291E-14	0.00283069
0.00287454	0.00132699	2.20231E-14	0.00287454	5.13482E-14	0.00287454
0.00291869	0.00134696	2.23472E-14	0.00291869	3.0205E-14	0.00291869
0.00296315	0.00136693	2.24922E-14	0.00296315	1.15034E-14	0.00296315
0.00300793	0.00138693	2.24465E-14	0.00300793	-4.5699E-15	0.00300793
0.00305309	0.00140687	2.21998E-14	0.00305309	-1.7878E-14	0.00305309
0.00309866	0.00142672	2.1743E-14	0.00309866	-2.83317E-14	0.00309866
0.00314469	0.00144662	2.10698E-14	0.00314469	-3.59205E-14	0.00314469
0.00319125	0.00146655	9.91034E-10	0.00319125	-4.07285E-14	0.00319125
0.00323844	0.00148654	9.27879E-10	0.00323844	-4.29437E-14	0.00323844
0.00328639	0.00150654	1.77197E-14	0.00328639	-4.28584E-14	0.00328639
0.00333527	0.00152658	1.61703E-14	0.00333527	-4.08517E-14	0.00333527
0.00338537	0.00154679	7.21479E-10	0.00338537	-3.74706E-14	0.00338537
0.00343709	0.00156733	6.46739E-10	0.00343709	-3.33023E-14	0.00343709
0.00349109	0.00158832	1.04531E-14	0.00349109	-2.90463E-14	0.00349109
0.00354851	0.00161026	8.31747E-15	0.00354851	-2.53952E-14	0.00354851
0.00361141	0.00163411	6.17387E-15	0.00361141	-2.29787E-14	0.00361141
0.00368394	0.0016623	4.12541E-15	0.00368394	-2.2115E-14	0.00368394
0.00377507	0.00170159	2.31235E-15	0.00377507	-2.24502E-14	0.00377507
0.00390339	0.00180324	9.17582E-16	0.00390339	-2.19234E-14	0.00390339
0.00383739	0.00534871	1.25985E-16	0.00383739	-1.54429E-14	0.00383739
