0.575316
0.680498
0.736121
0.773515
0.801573
0.824032
0.842779
0.85889
0.873036
0.885657
0.897063
0.907476
0.917063
0.92595
0.934237
0.942004
0.949314
0.956219
0.962765
0.968988
0.974918
0.980582
0.986003
0.991202
0.996194
1.001
1.00562
1.01008
1.01439
1.01854
1.02257
1.02646
1.03023
1.03388
1.03742
1.04085
1.04418
1.04741
1.05055
1.0536
1.05655
1.05943
1.06222
1.06492
1.06755
1.0701
1.07258
1.07498
1.07731
1.07956
1.08175
1.08386
1.08591
1.08789
1.0898
1.09164
1.09341
1.09512
1.09677
1.09834
1.09986
1.10131
1.10269
1.10401
1.10526
1.10646
1.10758
1.10865
1.10965
1.11059
1.11147
1.11229
1.11305
1.11375
1.11438
1.11496
1.11548
1.11593
1.11633
1.11668
1.11696
1.11719
1.11735
1.11747
1.11752
1.11752
1.11746
1.11735
1.11717
1.11694
1.11666
1.11631
1.11591
1.11545
1.11493
1.11435
1.11371
1.11301
1.11226
1.11144
1.11056
1.10962
1.10862
1.10755
1.10642
1.10523
1.10398
1.10266
1.10128
1.09984
1.09833
1.09675
1.09511
1.09341
1.09164
1.0898
1.08789
1.08592
1.08387
1.08176
1.07958
1.07733
1.075
1.07261
1.07013
1.06759
1.06496
1.06225
1.05947
1.0566
1.05364
1.0506
1.04746
1.04423
1.0409
1.03747
1.03393
1.03028
1.02651
1.02262
1.0186
1.01444
1.01013
1.00567
1.00104
0.99624
0.991246
0.986045
0.980622
0.974955
0.969022
0.962797
0.956248
0.949339
0.942025
0.934255
0.925964
0.917073
0.907482
0.897064
0.885653
0.873027
0.858877
0.84276
0.824008
0.801544
0.773482
0.736084
0.680459
0.575279
